order_id,customer_id,order_date,order_total
ORD000393,CUST00872,2023-01-01,256.9
ORD005311,CUST00879,2023-01-01,31.91
ORD001208,CUST00729,2023-01-01,1243.6
ORD003305,CUST00875,2023-01-01,126.76
ORD002133,CUST00978,2023-01-02,16.61
ORD002532,CUST00581,2023-01-02,11.6
ORD003911,CUST00359,2023-01-02,245.96
ORD000834,CUST00352,2023-01-03,288.22
ORD001288,CUST00943,2023-01-03,791.11
ORD000086,CUST00996,2023-01-03,849.58
ORD001959,CUST00275,2023-01-03,27.26
ORD000805,CUST00965,2023-01-04,135.61
ORD002426,CUST00397,2023-01-04,16.67
ORD003454,CUST00771,2023-01-04,247.96
ORD003503,CUST00434,2023-01-04,105.21
ORD005037,CUST00322,2023-01-05,23.15
ORD003967,CUST00849,2023-01-05,80.41
ORD004759,CUST00422,2023-01-06,46.61
ORD004726,CUST00923,2023-01-06,231.33
ORD002258,CUST00420,2023-01-06,54.51
ORD002852,CUST00859,2023-01-06,49.07
ORD004430,CUST00978,2023-01-06,95.73
ORD001196,CUST00263,2023-01-07,86.5
ORD001923,CUST00114,2023-01-07,527.27
ORD005510,CUST00674,2023-01-07,54.84
ORD000118,CUST00378,2023-01-07,151.75
ORD002458,CUST00816,2023-01-07,59.94
ORD004746,CUST00755,2023-01-07,17.48
ORD005021,CUST00327,2023-01-07,310.61
ORD000062,CUST00800,2023-01-08,88.0
ORD002035,CUST00630,2023-01-08,91.23
ORD003931,CUST00328,2023-01-08,185.34
ORD000505,CUST00034,2023-01-08,575.42
ORD004884,CUST00105,2023-01-08,711.51
ORD000122,CUST00249,2023-01-09,81.78
ORD001247,CUST00879,2023-01-09,117.58
ORD001699,CUST00298,2023-01-09,243.69
ORD005452,CUST00034,2023-01-09,470.29
ORD001580,CUST00389,2023-01-09,455.37
ORD003194,CUST00812,2023-01-09,139.44
ORD005100,CUST00796,2023-01-09,148.75
ORD002193,CUST00409,2023-01-10,336.91
ORD001413,CUST00945,2023-01-10,63.09
ORD002796,CUST00242,2023-01-10,16.88
ORD001323,CUST00849,2023-01-10,221.5
ORD003697,CUST00055,2023-01-10,27.26
ORD003038,CUST00518,2023-01-11,23.15
ORD005424,CUST00544,2023-01-11,568.53
ORD004466,CUST00212,2023-01-11,24.53
ORD002555,CUST00686,2023-01-11,262.55
ORD005851,CUST00373,2023-01-11,134.69
ORD000069,CUST00192,2023-01-12,402.7
ORD005541,CUST00096,2023-01-12,355.07
ORD001781,CUST00949,2023-01-12,70.86
ORD001535,CUST00272,2023-01-12,125.47
ORD001026,CUST00686,2023-01-12,234.58
ORD000011,CUST00043,2023-01-12,111.43
ORD005580,CUST00948,2023-01-12,63.09
ORD002319,CUST00647,2023-01-13,41.8
ORD000535,CUST00851,2023-01-13,121.93
ORD003413,CUST00965,2023-01-13,46.48
ORD005622,CUST00461,2023-01-14,584.36
ORD002188,CUST00506,2023-01-14,29.08
ORD003256,CUST00812,2023-01-14,673.82
ORD003045,CUST00487,2023-01-14,7.6
ORD003970,CUST00638,2023-01-14,100.94
ORD005184,CUST00456,2023-01-15,136.07
ORD005771,CUST00807,2023-01-15,41.8
ORD003604,CUST00249,2023-01-15,23.15
ORD000111,CUST00310,2023-01-16,34.39
ORD001110,CUST00640,2023-01-16,87.9
ORD005948,CUST00798,2023-01-16,60.02
ORD004812,CUST00667,2023-01-17,317.7
ORD004248,CUST00559,2023-01-17,250.69
ORD002339,CUST00025,2023-01-17,183.05
ORD004482,CUST00349,2023-01-17,47.78
ORD002579,CUST00031,2023-01-17,626.65
ORD003251,CUST00908,2023-01-18,8.44
ORD005896,CUST00871,2023-01-18,404.92
ORD005323,CUST00212,2023-01-18,73.2
ORD002548,CUST00432,2023-01-19,251.8
ORD000736,CUST00946,2023-01-19,490.1
ORD001174,CUST00826,2023-01-19,236.54
ORD001982,CUST00114,2023-01-19,58.44
ORD003731,CUST00352,2023-01-19,16.61
ORD000183,CUST00034,2023-01-19,232.88
ORD004562,CUST00379,2023-01-20,105.62
ORD000146,CUST00018,2023-01-20,73.43
ORD005231,CUST00189,2023-01-20,281.71
ORD001188,CUST00206,2023-01-20,213.57
ORD004077,CUST00247,2023-01-21,110.75
ORD001516,CUST00518,2023-01-21,99.68
ORD004930,CUST00104,2023-01-21,570.18
ORD000431,CUST00229,2023-01-21,54.51
ORD002001,CUST00816,2023-01-21,101.7
ORD005268,CUST00034,2023-01-21,418.84
ORD001591,CUST00318,2023-01-21,49.06
ORD005596,CUST00247,2023-01-22,28.72
ORD001081,CUST00491,2023-01-22,9.64
ORD001682,CUST00812,2023-01-22,92.38
ORD000989,CUST00965,2023-01-22,20.84
ORD004819,CUST00228,2023-01-22,27.26
ORD002066,CUST00317,2023-01-22,161.55
ORD003377,CUST00537,2023-01-23,98.12
ORD005990,CUST00830,2023-01-23,31.91
ORD000313,CUST00699,2023-01-23,16.61
ORD002915,CUST00826,2023-01-23,180.56
ORD002891,CUST00700,2023-01-24,369.49
ORD001261,CUST00902,2023-01-24,100.2
ORD001590,CUST00591,2023-01-24,673.82
ORD000990,CUST00676,2023-01-24,24.53
ORD002771,CUST00811,2023-01-24,424.73
ORD002937,CUST00636,2023-01-24,305.19
ORD002187,CUST00623,2023-01-25,109.57
ORD001280,CUST00491,2023-01-25,420.88
ORD000672,CUST00909,2023-01-25,14.86
ORD000195,CUST00572,2023-01-25,34.02
ORD002730,CUST00434,2023-01-25,190.06
ORD001511,CUST00558,2023-01-25,475.64
ORD002377,CUST00339,2023-01-26,275.91
ORD000329,CUST00544,2023-01-26,149.05
ORD005823,CUST00852,2023-01-27,7.6
ORD002399,CUST00581,2023-01-27,872.09
ORD003172,CUST00735,2023-01-28,168.19
ORD002492,CUST00034,2023-01-28,269.53
ORD005517,CUST00378,2023-01-28,757.42
ORD001144,CUST00847,2023-01-29,283.41
ORD003243,CUST00353,2023-01-29,400.0
ORD002777,CUST00399,2023-01-29,232.48
ORD003134,CUST00489,2023-01-29,11.34
ORD002946,CUST00718,2023-01-29,346.93
ORD000357,CUST00389,2023-01-30,105.56
ORD003691,CUST00434,2023-01-30,30.75
ORD000492,CUST00640,2023-01-30,850.23
ORD002878,CUST00310,2023-01-30,765.21
ORD004048,CUST00539,2023-01-30,379.58
ORD005053,CUST00814,2023-01-30,58.85
ORD000178,CUST00298,2023-01-31,500.3
ORD001837,CUST00849,2023-01-31,226.52
ORD001118,CUST00744,2023-01-31,177.54
ORD000547,CUST00544,2023-01-31,93.83
ORD000588,CUST00029,2023-02-01,63.09
ORD000908,CUST00084,2023-02-01,111.43
ORD000992,CUST00636,2023-02-01,158.0
ORD000443,CUST00438,2023-02-02,120.96
ORD004156,CUST00583,2023-02-02,22.68
ORD002918,CUST00853,2023-02-02,140.43
ORD005532,CUST00714,2023-02-03,22.68
ORD004532,CUST00702,2023-02-03,44.47
ORD000760,CUST00089,2023-02-03,221.82
ORD003433,CUST00624,2023-02-04,404.1
ORD000297,CUST00174,2023-02-04,180.56
ORD004823,CUST00409,2023-02-04,52.14
ORD005617,CUST00614,2023-02-04,451.36
ORD003311,CUST00630,2023-02-04,187.15
ORD004006,CUST00965,2023-02-04,76.18
ORD000582,CUST00737,2023-02-04,269.24
ORD005954,CUST00727,2023-02-04,111.02
ORD000339,CUST00702,2023-02-05,267.99
ORD003288,CUST00879,2023-02-05,37.15
ORD001290,CUST00617,2023-02-06,86.43
ORD003114,CUST00024,2023-02-06,71.07
ORD001371,CUST00669,2023-02-06,149.72
ORD000802,CUST00025,2023-02-06,396.91
ORD004109,CUST00812,2023-02-07,10.44
ORD005758,CUST00513,2023-02-07,63.09
ORD001019,CUST00871,2023-02-07,405.37
ORD002014,CUST00373,2023-02-07,303.22
ORD003448,CUST00045,2023-02-07,43.71
ORD003480,CUST00816,2023-02-07,252.56
ORD001776,CUST00817,2023-02-07,180.56
ORD001612,CUST00597,2023-02-07,37.26
ORD001012,CUST00513,2023-02-07,78.04
ORD003443,CUST00907,2023-02-08,27.26
ORD005529,CUST00170,2023-02-08,46.81
ORD001929,CUST00303,2023-02-08,17.48
ORD005947,CUST00943,2023-02-09,344.59
ORD003850,CUST00952,2023-02-09,373.76
ORD001830,CUST00034,2023-02-09,1004.08
ORD004498,CUST00948,2023-02-09,27.26
ORD004240,CUST00975,2023-02-09,145.26
ORD002604,CUST00530,2023-02-10,401.06
ORD005384,CUST00379,2023-02-10,15.19
ORD000054,CUST00078,2023-02-10,5.8
ORD002534,CUST00948,2023-02-10,42.13
ORD002075,CUST00798,2023-02-10,14.78
ORD004023,CUST00667,2023-02-11,93.61
ORD004293,CUST00409,2023-02-11,267.38
ORD005168,CUST00974,2023-02-11,99.68
ORD003755,CUST00965,2023-02-11,44.47
ORD002647,CUST00098,2023-02-12,645.4
ORD001408,CUST00618,2023-02-12,186.88
ORD004415,CUST00984,2023-02-12,86.39
ORD004997,CUST00135,2023-02-12,159.66
ORD001896,CUST00814,2023-02-12,121.92
ORD003533,CUST00974,2023-02-12,270.05
ORD000662,CUST00230,2023-02-13,54.51
ORD001840,CUST00939,2023-02-13,46.48
ORD002268,CUST00069,2023-02-13,16.61
ORD003952,CUST00952,2023-02-13,663.53
ORD002195,CUST00310,2023-02-13,269.24
ORD005206,CUST00714,2023-02-13,24.53
ORD003698,CUST00345,2023-02-13,336.91
ORD001435,CUST00321,2023-02-14,33.21
ORD003624,CUST00773,2023-02-14,179.81
ORD004083,CUST00638,2023-02-14,117.29
ORD000304,CUST00820,2023-02-15,139.77
ORD003456,CUST00771,2023-02-15,527.62
ORD002528,CUST00186,2023-02-15,124.57
ORD003996,CUST00298,2023-02-15,103.57
ORD003879,CUST00450,2023-02-15,251.43
ORD001452,CUST00282,2023-02-15,813.21
ORD002200,CUST00114,2023-02-15,137.85
ORD003213,CUST00558,2023-02-15,94.14
ORD004088,CUST00322,2023-02-15,700.18
ORD003388,CUST00327,2023-02-16,383.39
ORD003059,CUST00572,2023-02-16,269.24
ORD001767,CUST00079,2023-02-16,54.51
ORD001920,CUST00450,2023-02-17,320.06
ORD005287,CUST00406,2023-02-17,33.9
ORD005448,CUST00456,2023-02-17,566.82
ORD003727,CUST00507,2023-02-17,236.87
ORD005113,CUST00079,2023-02-17,30.31
ORD002257,CUST00509,2023-02-18,1051.58
ORD000681,CUST00434,2023-02-19,30.31
ORD005761,CUST00774,2023-02-19,24.53
ORD002240,CUST00198,2023-02-19,374.28
ORD005738,CUST00849,2023-02-19,283.41
ORD005952,CUST00079,2023-02-19,291.85
ORD002702,CUST00601,2023-02-19,150.09
ORD004942,CUST00091,2023-02-20,327.75
ORD000874,CUST00025,2023-02-20,32.15
ORD005628,CUST00170,2023-02-20,283.41
ORD002301,CUST00373,2023-02-20,22.41
ORD002793,CUST00246,2023-02-21,105.21
ORD001277,CUST00189,2023-02-21,43.71
ORD005494,CUST00996,2023-02-22,236.04
ORD005354,CUST00875,2023-02-22,133.41
ORD001458,CUST00439,2023-02-22,73.45
ORD000123,CUST00247,2023-02-22,23.3
ORD005174,CUST00435,2023-02-22,132.68
ORD001305,CUST00751,2023-02-22,221.5
ORD002947,CUST00390,2023-02-22,655.56
ORD005217,CUST00399,2023-02-22,144.92
ORD002182,CUST00638,2023-02-22,8.44
ORD003579,CUST00663,2023-02-23,209.56
ORD003133,CUST00487,2023-02-23,5.51
ORD000229,CUST00607,2023-02-23,44.16
ORD000928,CUST00607,2023-02-23,283.41
ORD002567,CUST00909,2023-02-24,244.78
ORD003209,CUST00432,2023-02-24,23.15
ORD002724,CUST00734,2023-02-25,46.33
ORD000298,CUST00737,2023-02-25,62.36
ORD001009,CUST00025,2023-02-25,902.67
ORD005927,CUST00650,2023-02-25,54.92
ORD004841,CUST00776,2023-02-25,138.65
ORD005567,CUST00269,2023-02-25,413.55
ORD004396,CUST00814,2023-02-26,1031.13
ORD005325,CUST00811,2023-02-26,69.94
ORD002189,CUST00605,2023-02-26,14.86
ORD000883,CUST00814,2023-02-26,96.44
ORD003688,CUST00507,2023-02-26,186.11
ORD004814,CUST00358,2023-02-26,413.94
ORD004470,CUST00279,2023-02-26,170.79
ORD004720,CUST00551,2023-02-26,300.02
ORD005052,CUST00840,2023-02-27,23.15
ORD005186,CUST00798,2023-02-27,179.91
ORD001910,CUST00726,2023-02-27,380.93
ORD004949,CUST00803,2023-02-28,147.18
ORD000401,CUST00830,2023-02-28,86.15
ORD003232,CUST00909,2023-02-28,27.26
ORD002625,CUST00206,2023-02-28,412.23
ORD000528,CUST00345,2023-02-28,94.14
ORD000806,CUST00509,2023-02-28,336.91
ORD003892,CUST00992,2023-03-01,359.93
ORD004920,CUST00463,2023-03-01,299.09
ORD000257,CUST00635,2023-03-01,133.01
ORD003934,CUST00726,2023-03-02,361.11
ORD005887,CUST00096,2023-03-02,66.86
ORD003317,CUST00228,2023-03-02,50.85
ORD004807,CUST00702,2023-03-02,55.99
ORD005678,CUST00544,2023-03-02,59.83
ORD001792,CUST00420,2023-03-02,149.06
ORD000415,CUST00078,2023-03-03,30.31
ORD005812,CUST00568,2023-03-03,291.72
ORD000280,CUST00700,2023-03-03,1696.93
ORD002326,CUST00116,2023-03-04,99.68
ORD005222,CUST00051,2023-03-05,21.53
ORD003603,CUST00705,2023-03-05,128.43
ORD005707,CUST00544,2023-03-05,16.61
ORD004234,CUST00089,2023-03-05,215.0
ORD003761,CUST00568,2023-03-05,399.95
ORD004788,CUST00089,2023-03-05,71.11
ORD001092,CUST00588,2023-03-06,320.06
ORD000049,CUST00001,2023-03-06,178.88
ORD003445,CUST00493,2023-03-06,920.18
ORD000034,CUST00992,2023-03-06,31.91
ORD000461,CUST00269,2023-03-07,17.48
ORD000414,CUST00226,2023-03-07,11.34
ORD004445,CUST00771,2023-03-07,37.62
ORD000660,CUST00537,2023-03-07,112.73
ORD005403,CUST00771,2023-03-07,103.57
ORD005178,CUST00638,2023-03-08,264.22
ORD001829,CUST00871,2023-03-08,212.06
ORD002569,CUST00415,2023-03-08,41.8
ORD001717,CUST00505,2023-03-08,244.57
ORD002107,CUST00322,2023-03-08,54.52
ORD002976,CUST00280,2023-03-08,37.29
ORD004003,CUST00327,2023-03-09,45.6
ORD002312,CUST00421,2023-03-09,714.22
ORD003796,CUST00359,2023-03-09,129.74
ORD005362,CUST00181,2023-03-10,198.27
ORD005632,CUST00138,2023-03-10,180.56
ORD003446,CUST00714,2023-03-11,43.71
ORD001079,CUST00606,2023-03-11,108.91
ORD001121,CUST00796,2023-03-11,462.02
ORD002207,CUST00939,2023-03-11,207.82
ORD000872,CUST00477,2023-03-11,192.93
ORD001197,CUST00702,2023-03-11,71.34
ORD001254,CUST00887,2023-03-11,391.42
ORD001313,CUST00039,2023-03-11,232.52
ORD002712,CUST00974,2023-03-12,51.78
ORD002691,CUST00065,2023-03-12,50.41
ORD005306,CUST00490,2023-03-12,13.5
ORD003817,CUST00280,2023-03-12,126.18
ORD004226,CUST00583,2023-03-13,46.48
ORD003075,CUST00156,2023-03-13,161.6
ORD001799,CUST00674,2023-03-13,111.46
ORD005875,CUST00531,2023-03-13,85.41
ORD005349,CUST00851,2023-03-13,180.38
ORD002250,CUST00058,2023-03-13,747.89
ORD005008,CUST00373,2023-03-13,706.27
ORD004494,CUST00817,2023-03-14,326.81
ORD004587,CUST00421,2023-03-14,44.16
ORD004193,CUST00812,2023-03-14,71.13
ORD004902,CUST00269,2023-03-14,6.57
ORD004867,CUST00790,2023-03-14,177.54
ORD001961,CUST00787,2023-03-14,180.56
ORD001111,CUST00228,2023-03-14,131.21
ORD002254,CUST00456,2023-03-14,37.15
ORD003082,CUST00706,2023-03-15,928.89
ORD002331,CUST00384,2023-03-15,124.81
ORD005767,CUST00434,2023-03-15,478.65
ORD001614,CUST00078,2023-03-15,63.09
ORD005165,CUST00900,2023-03-15,431.9
ORD003118,CUST00946,2023-03-16,199.35
ORD005926,CUST00851,2023-03-16,32.13
ORD002615,CUST00375,2023-03-16,414.65
ORD002017,CUST00422,2023-03-16,200.27
ORD002631,CUST00209,2023-03-16,255.16
ORD005877,CUST00093,2023-03-17,496.17
ORD000833,CUST00574,2023-03-17,163.53
ORD002519,CUST00114,2023-03-17,21.99
ORD004978,CUST00955,2023-03-18,74.6
ORD000497,CUST00875,2023-03-18,113.77
ORD002449,CUST00774,2023-03-18,33.21
ORD003051,CUST00412,2023-03-18,303.79
ORD001419,CUST00974,2023-03-18,28.66
ORD004848,CUST00726,2023-03-18,186.88
ORD005150,CUST00456,2023-03-18,144.34
ORD002419,CUST00259,2023-03-18,233.77
ORD000763,CUST00420,2023-03-19,46.2
ORD000472,CUST00568,2023-03-19,377.03
ORD003252,CUST00297,2023-03-19,46.81
ORD000315,CUST00373,2023-03-19,8.44
ORD002279,CUST00092,2023-03-19,930.69
ORD004608,CUST00939,2023-03-20,41.52
ORD002903,CUST00686,2023-03-20,424.67
ORD004533,CUST00893,2023-03-20,217.2
ORD004579,CUST00310,2023-03-20,68.34
ORD003221,CUST00750,2023-03-20,429.49
ORD005225,CUST00796,2023-03-20,169.99
ORD001475,CUST00674,2023-03-20,110.75
ORD001741,CUST00420,2023-03-20,261.81
ORD000741,CUST00373,2023-03-21,1159.88
ORD004127,CUST00650,2023-03-21,190.06
ORD003537,CUST00209,2023-03-21,349.43
ORD000212,CUST00686,2023-03-21,23.3
ORD002381,CUST00409,2023-03-22,161.44
ORD000595,CUST00758,2023-03-22,27.26
ORD003640,CUST00867,2023-03-22,380.12
ORD005751,CUST00069,2023-03-23,113.56
ORD003383,CUST00336,2023-03-23,125.09
ORD001369,CUST00359,2023-03-23,97.95
ORD000332,CUST00587,2023-03-23,125.53
ORD000966,CUST00384,2023-03-23,550.49
ORD005853,CUST00015,2023-03-24,83.66
ORD001500,CUST00117,2023-03-24,25.53
ORD001615,CUST00189,2023-03-24,62.96
ORD002373,CUST00649,2023-03-25,581.65
ORD002729,CUST00156,2023-03-25,190.06
ORD000182,CUST00946,2023-03-25,206.78
ORD004468,CUST00339,2023-03-25,136.95
ORD005355,CUST00280,2023-03-25,46.81
ORD000744,CUST00729,2023-03-25,46.48
ORD004934,CUST00428,2023-03-25,54.52
ORD000679,CUST00755,2023-03-25,272.12
ORD004785,CUST00031,2023-03-25,27.26
ORD002600,CUST00758,2023-03-26,681.5
ORD003910,CUST00729,2023-03-26,11.6
ORD000700,CUST00510,2023-03-26,158.85
ORD000791,CUST00830,2023-03-26,104.89
ORD003321,CUST00065,2023-03-27,115.55
ORD003262,CUST00530,2023-03-28,15.73
ORD004991,CUST00530,2023-03-28,303.22
ORD001085,CUST00029,2023-03-29,361.11
ORD000632,CUST00096,2023-03-29,208.03
ORD002491,CUST00749,2023-03-29,8.21
ORD005514,CUST00826,2023-03-29,96.31
ORD003500,CUST00928,2023-03-29,320.06
ORD002276,CUST00090,2023-03-30,56.78
ORD000591,CUST00305,2023-03-30,48.97
ORD005511,CUST00485,2023-03-30,223.88
ORD000936,CUST00928,2023-03-31,197.24
ORD003614,CUST00927,2023-03-31,77.69
ORD005939,CUST00812,2023-03-31,163.77
ORD005018,CUST00399,2023-04-01,123.12
ORD000266,CUST00228,2023-04-01,35.93
ORD000709,CUST00518,2023-04-01,114.64
ORD004318,CUST00395,2023-04-01,99.7
ORD004462,CUST00632,2023-04-02,126.18
ORD005335,CUST00793,2023-04-02,355.07
ORD003026,CUST00399,2023-04-02,20.66
ORD002368,CUST00079,2023-04-02,20.84
ORD001598,CUST00491,2023-04-02,321.0
ORD001795,CUST00249,2023-04-02,59.94
ORD001847,CUST00719,2023-04-02,161.45
ORD003984,CUST00729,2023-04-03,467.54
ORD000637,CUST00310,2023-04-03,351.87
ORD003115,CUST00384,2023-04-03,306.71
ORD003328,CUST00384,2023-04-04,171.05
ORD003014,CUST00969,2023-04-04,71.53
ORD005953,CUST00328,2023-04-04,624.62
ORD000959,CUST00361,2023-04-04,93.62
ORD003046,CUST00853,2023-04-04,46.3
ORD005386,CUST00770,2023-04-04,77.33
ORD000151,CUST00086,2023-04-04,481.73
ORD001544,CUST00310,2023-04-04,536.62
ORD003827,CUST00638,2023-04-05,856.03
ORD004815,CUST00079,2023-04-05,5.51
ORD003350,CUST00574,2023-04-06,334.28
ORD004850,CUST00416,2023-04-06,78.68
ORD003883,CUST00650,2023-04-06,226.62
ORD003039,CUST00510,2023-04-06,187.25
ORD000893,CUST00573,2023-04-06,16.04
ORD001101,CUST00211,2023-04-06,104.89
ORD004066,CUST00390,2023-04-06,23.3
ORD003287,CUST00156,2023-04-06,358.9
ORD000047,CUST00718,2023-04-07,25.63
ORD002417,CUST00824,2023-04-07,392.22
ORD003400,CUST00603,2023-04-07,559.64
ORD004547,CUST00271,2023-04-07,681.61
ORD001377,CUST00450,2023-04-07,862.72
ORD004640,CUST00638,2023-04-08,87.42
ORD003195,CUST00622,2023-04-08,46.48
ORD005642,CUST00708,2023-04-08,33.41
ORD000211,CUST00645,2023-04-08,184.76
ORD003405,CUST00373,2023-04-08,43.71
ORD000210,CUST00700,2023-04-09,69.7
ORD001804,CUST00873,2023-04-09,14.86
ORD005821,CUST00812,2023-04-09,75.24
ORD005550,CUST00645,2023-04-09,21.81
ORD002032,CUST00318,2023-04-09,41.08
ORD004982,CUST00115,2023-04-09,125.4
ORD000650,CUST00645,2023-04-10,470.07
ORD003978,CUST00482,2023-04-10,24.87
ORD003207,CUST00769,2023-04-10,320.06
ORD004712,CUST00734,2023-04-10,270.99
ORD004992,CUST00288,2023-04-10,493.83
ORD002338,CUST00454,2023-04-10,8.44
ORD001357,CUST00902,2023-04-10,145.51
ORD000320,CUST00535,2023-04-11,262.55
ORD001915,CUST00259,2023-04-11,116.33
ORD000871,CUST00960,2023-04-11,154.12
ORD000765,CUST00894,2023-04-11,638.79
ORD005658,CUST00375,2023-04-12,8.02
ORD000021,CUST00511,2023-04-12,177.54
ORD001974,CUST00758,2023-04-12,176.65
ORD001902,CUST00105,2023-04-12,113.56
ORD005443,CUST00262,2023-04-13,133.78
ORD001316,CUST00244,2023-04-13,20.41
ORD004108,CUST00674,2023-04-13,64.42
ORD001462,CUST00392,2023-04-14,355.07
ORD002346,CUST00686,2023-04-14,391.42
ORD001894,CUST00034,2023-04-15,538.48
ORD002802,CUST00310,2023-04-15,208.92
ORD000288,CUST00551,2023-04-15,163.53
ORD005999,CUST00614,2023-04-15,54.51
ORD003567,CUST00749,2023-04-15,41.8
ORD005093,CUST00192,2023-04-15,23.15
ORD000826,CUST00027,2023-04-15,5.51
ORD003663,CUST00860,2023-04-15,310.31
ORD003043,CUST00925,2023-04-15,283.41
ORD004966,CUST00638,2023-04-16,211.19
ORD000811,CUST00327,2023-04-16,342.11
ORD001390,CUST00065,2023-04-16,64.98
ORD005732,CUST00674,2023-04-16,95.0
ORD004252,CUST00565,2023-04-16,98.12
ORD005450,CUST00780,2023-04-16,81.78
ORD004911,CUST00535,2023-04-16,49.06
ORD004134,CUST00531,2023-04-18,83.6
ORD003754,CUST00721,2023-04-18,74.19
ORD005126,CUST00376,2023-04-18,138.01
ORD003522,CUST00974,2023-04-18,204.36
ORD000342,CUST00607,2023-04-19,158.85
ORD001908,CUST00105,2023-04-19,25.9
ORD004315,CUST00412,2023-04-19,306.17
ORD002592,CUST00755,2023-04-19,509.72
ORD000035,CUST00688,2023-04-19,8.21
ORD002356,CUST00871,2023-04-19,9.64
ORD002944,CUST00358,2023-04-19,596.08
ORD002104,CUST00230,2023-04-19,372.77
ORD003364,CUST00029,2023-04-20,125.31
ORD000390,CUST00025,2023-04-20,206.94
ORD004123,CUST00428,2023-04-20,857.36
ORD005470,CUST00635,2023-04-20,51.79
ORD002565,CUST00686,2023-04-21,47.6
ORD001722,CUST00614,2023-04-21,64.99
ORD000462,CUST00280,2023-04-21,186.88
ORD001364,CUST00753,2023-04-21,11.02
ORD004570,CUST01000,2023-04-22,566.82
ORD000762,CUST00683,2023-04-22,6.57
ORD005885,CUST00771,2023-04-22,105.21
ORD002396,CUST00700,2023-04-22,200.89
ORD001539,CUST00879,2023-04-22,90.8
ORD001137,CUST00549,2023-04-22,215.05
ORD002753,CUST00198,2023-04-22,324.63
ORD004228,CUST00232,2023-04-23,850.23
ORD003139,CUST00771,2023-04-23,150.61
ORD000561,CUST00719,2023-04-23,44.47
ORD003988,CUST00012,2023-04-23,1090.24
ORD000147,CUST00902,2023-04-24,44.16
ORD004653,CUST00665,2023-04-24,387.95
ORD003399,CUST00156,2023-04-24,403.19
ORD003871,CUST00583,2023-04-24,51.79
ORD005631,CUST00415,2023-04-24,141.82
ORD004420,CUST00805,2023-04-25,23.17
ORD002687,CUST00769,2023-04-25,34.64
ORD004394,CUST00637,2023-04-25,685.19
ORD004380,CUST00900,2023-04-25,623.81
ORD003435,CUST00637,2023-04-25,32.2
ORD004325,CUST00045,2023-04-25,179.34
ORD003094,CUST00665,2023-04-26,59.94
ORD004816,CUST00833,2023-04-26,83.6
ORD002362,CUST00726,2023-04-26,212.43
ORD002755,CUST00435,2023-04-26,97.24
ORD000691,CUST00468,2023-04-26,232.39
ORD002003,CUST00269,2023-04-26,583.24
ORD003088,CUST00948,2023-04-27,119.74
ORD002869,CUST00852,2023-04-27,303.22
ORD001798,CUST00373,2023-04-28,336.91
ORD000114,CUST00522,2023-04-28,5.8
ORD000624,CUST00065,2023-04-28,300.02
ORD005239,CUST00984,2023-04-28,54.51
ORD004230,CUST00289,2023-04-28,111.95
ORD005747,CUST00939,2023-04-28,118.15
ORD003122,CUST00952,2023-04-28,77.66
ORD003583,CUST00132,2023-04-28,186.88
ORD003117,CUST00037,2023-04-29,526.56
ORD004246,CUST00079,2023-04-29,67.2
ORD003390,CUST00108,2023-04-29,152.69
ORD000145,CUST00288,2023-04-29,194.48
ORD002695,CUST00714,2023-04-29,92.13
ORD005512,CUST00650,2023-04-29,62.95
ORD000903,CUST00816,2023-04-29,51.67
ORD004551,CUST00390,2023-04-29,190.22
ORD004613,CUST00645,2023-04-29,137.69
ORD003658,CUST00489,2023-04-29,87.42
ORD000590,CUST00607,2023-04-30,189.27
ORD002536,CUST00174,2023-04-30,366.0
ORD005856,CUST00034,2023-04-30,309.52
ORD004461,CUST00791,2023-04-30,34.02
ORD004338,CUST00552,2023-04-30,110.02
ORD004682,CUST00565,2023-04-30,39.34
ORD004993,CUST00084,2023-04-30,117.29
ORD001917,CUST00673,2023-04-30,244.6
ORD004168,CUST00824,2023-04-30,31.91
ORD004011,CUST00295,2023-05-01,82.65
ORD005840,CUST00034,2023-05-02,46.81
ORD004133,CUST00811,2023-05-02,79.32
ORD000453,CUST00719,2023-05-03,17.48
ORD003509,CUST00531,2023-05-03,110.63
ORD000416,CUST00389,2023-05-03,283.41
ORD002738,CUST00096,2023-05-03,227.23
ORD002761,CUST00974,2023-05-04,329.89
ORD001186,CUST00349,2023-05-04,49.06
ORD003237,CUST00594,2023-05-05,745.06
ORD003927,CUST00328,2023-05-05,657.6
ORD005271,CUST00851,2023-05-05,673.82
ORD004586,CUST00352,2023-05-05,41.8
ORD005695,CUST00645,2023-05-05,82.65
ORD005724,CUST00046,2023-05-05,315.64
ORD004514,CUST00461,2023-05-06,189.0
ORD000042,CUST00851,2023-05-06,51.06
ORD000823,CUST00720,2023-05-06,1030.79
ORD003174,CUST00727,2023-05-06,43.71
ORD001049,CUST00675,2023-05-07,268.94
ORD003936,CUST00758,2023-05-07,109.02
ORD005883,CUST00034,2023-05-07,23.3
ORD005489,CUST00654,2023-05-07,211.12
ORD001897,CUST00705,2023-05-07,48.33
ORD005501,CUST00422,2023-05-07,8.02
ORD003188,CUST00305,2023-05-08,114.92
ORD005805,CUST00181,2023-05-08,58.28
ORD005804,CUST00996,2023-05-08,50.47
ORD003834,CUST00925,2023-05-08,303.22
ORD000880,CUST00955,2023-05-08,601.78
ORD002629,CUST00524,2023-05-09,138.01
ORD005279,CUST00033,2023-05-09,50.34
ORD003215,CUST00522,2023-05-09,83.6
ORD005495,CUST00444,2023-05-09,15.4
ORD001326,CUST00079,2023-05-09,13.5
ORD000785,CUST00046,2023-05-10,10.77
ORD001436,CUST00891,2023-05-10,24.53
ORD000858,CUST00027,2023-05-10,69.45
ORD005651,CUST00202,2023-05-10,286.37
ORD001242,CUST00559,2023-05-11,104.12
ORD004345,CUST00637,2023-05-11,200.95
ORD003280,CUST00379,2023-05-12,368.82
ORD001011,CUST00681,2023-05-12,111.43
ORD005920,CUST00439,2023-05-12,93.64
ORD005725,CUST00728,2023-05-13,48.8
ORD001525,CUST00395,2023-05-13,11.34
ORD001040,CUST00870,2023-05-13,878.65
ORD001373,CUST00902,2023-05-13,214.76
ORD005169,CUST00800,2023-05-13,111.43
ORD002706,CUST00726,2023-05-13,44.47
ORD004858,CUST00859,2023-05-14,129.74
ORD005623,CUST00249,2023-05-14,283.41
ORD000144,CUST00103,2023-05-14,490.61
ORD005189,CUST00568,2023-05-14,859.26
ORD004079,CUST00200,2023-05-14,71.74
ORD003477,CUST00025,2023-05-15,124.5
ORD001030,CUST00211,2023-05-15,299.19
ORD002547,CUST00026,2023-05-15,16.04
ORD004760,CUST00336,2023-05-15,453.46
ORD000478,CUST00029,2023-05-15,11.34
ORD000028,CUST00114,2023-05-15,266.24
ORD001808,CUST00461,2023-05-15,97.24
ORD001250,CUST00339,2023-05-15,159.61
ORD002079,CUST00198,2023-05-15,240.4
ORD004387,CUST00046,2023-05-15,21.99
ORD001756,CUST00421,2023-05-16,54.51
ORD002774,CUST00688,2023-05-16,99.7
ORD001851,CUST00446,2023-05-16,190.06
ORD003142,CUST00769,2023-05-16,170.74
ORD002667,CUST00860,2023-05-16,4.64
ORD005975,CUST00451,2023-05-16,171.64
ORD004960,CUST00804,2023-05-16,655.77
ORD005308,CUST00584,2023-05-17,99.68
ORD000876,CUST00955,2023-05-17,287.38
ORD001477,CUST00221,2023-05-17,190.06
ORD002561,CUST00589,2023-05-17,371.68
ORD002411,CUST00689,2023-05-17,190.06
ORD003257,CUST00051,2023-05-17,597.02
ORD003660,CUST00946,2023-05-17,87.42
ORD005908,CUST00946,2023-05-17,22.68
ORD005825,CUST00948,2023-05-17,51.78
ORD002607,CUST00832,2023-05-17,103.75
ORD005523,CUST00339,2023-05-17,373.76
ORD001731,CUST00231,2023-05-18,105.21
ORD002854,CUST00183,2023-05-18,14.35
ORD003851,CUST00422,2023-05-18,44.74
ORD000410,CUST00487,2023-05-18,54.25
ORD002412,CUST00051,2023-05-19,105.21
ORD000271,CUST00136,2023-05-19,39.34
ORD004989,CUST00472,2023-05-20,9.07
ORD000200,CUST00112,2023-05-20,49.06
ORD002481,CUST00650,2023-05-20,286.98
ORD001022,CUST00029,2023-05-20,25.9
ORD005042,CUST00449,2023-05-20,24.53
ORD004637,CUST00817,2023-05-20,447.11
ORD004078,CUST00055,2023-05-20,38.75
ORD000115,CUST00228,2023-05-21,158.9
ORD005674,CUST00290,2023-05-21,336.91
ORD005210,CUST00650,2023-05-21,329.71
ORD005603,CUST00767,2023-05-21,311.86
ORD000649,CUST00106,2023-05-21,57.5
ORD003972,CUST00259,2023-05-21,378.86
ORD005388,CUST00700,2023-05-22,154.69
ORD004010,CUST00344,2023-05-22,33.94
ORD004311,CUST00724,2023-05-22,320.96
ORD002949,CUST00974,2023-05-22,199.35
ORD000284,CUST00674,2023-05-22,5.22
ORD005848,CUST00952,2023-05-22,83.6
ORD000644,CUST00243,2023-05-22,156.97
ORD001762,CUST00570,2023-05-22,116.9
ORD005023,CUST00446,2023-05-22,249.02
ORD002725,CUST00121,2023-05-22,238.68
ORD002768,CUST00612,2023-05-22,34.96
ORD004495,CUST00115,2023-05-22,57.44
ORD004509,CUST00113,2023-05-23,107.89
ORD000556,CUST00432,2023-05-23,41.8
ORD002299,CUST01000,2023-05-23,51.92
ORD003542,CUST00202,2023-05-23,351.02
ORD000096,CUST00156,2023-05-23,139.44
ORD004135,CUST00435,2023-05-23,15.73
ORD002023,CUST00274,2023-05-23,53.6
ORD005857,CUST00136,2023-05-23,140.53
ORD003700,CUST00916,2023-05-23,39.51
ORD003414,CUST00650,2023-05-23,75.61
ORD001740,CUST00058,2023-05-24,165.31
ORD005755,CUST00345,2023-05-24,23.15
ORD002172,CUST00421,2023-05-24,673.82
ORD003295,CUST00507,2023-05-24,83.81
ORD000937,CUST00492,2023-05-24,117.88
ORD002734,CUST00849,2023-05-24,231.65
ORD002100,CUST00963,2023-05-25,320.06
ORD000353,CUST00231,2023-05-25,562.36
ORD003833,CUST00105,2023-05-25,15.81
ORD005036,CUST00439,2023-05-25,519.09
ORD004198,CUST00581,2023-05-25,59.94
ORD004660,CUST00326,2023-05-25,83.09
ORD004029,CUST00115,2023-05-25,63.96
ORD004967,CUST00310,2023-05-25,110.75
ORD004927,CUST00492,2023-05-25,360.18
ORD003381,CUST00774,2023-05-25,1246.67
ORD000702,CUST00367,2023-05-25,17.48
ORD004001,CUST00420,2023-05-26,138.76
ORD001129,CUST00105,2023-05-26,152.68
ORD002140,CUST00045,2023-05-26,422.25
ORD002440,CUST00605,2023-05-26,167.29
ORD005780,CUST00313,2023-05-26,286.37
ORD001817,CUST00775,2023-05-26,103.57
ORD000350,CUST00957,2023-05-26,8.44
ORD003906,CUST00051,2023-05-27,17.48
ORD003527,CUST00275,2023-05-27,10.77
ORD001249,CUST00049,2023-05-27,267.1
ORD005709,CUST00170,2023-05-27,98.18
ORD001760,CUST00860,2023-05-28,255.46
ORD000018,CUST00830,2023-05-28,248.01
ORD005922,CUST00096,2023-05-28,14.86
ORD002831,CUST00957,2023-05-28,53.63
ORD000318,CUST00740,2023-05-28,303.22
ORD005519,CUST00291,2023-05-29,217.53
ORD003063,CUST00929,2023-05-29,11.6
ORD001124,CUST00105,2023-05-29,152.52
ORD005337,CUST00948,2023-05-29,456.12
ORD002473,CUST00544,2023-05-29,87.42
ORD001565,CUST00544,2023-05-29,29.77
ORD001515,CUST00096,2023-05-29,526.13
ORD001418,CUST00435,2023-05-29,484.0
ORD000223,CUST00248,2023-05-30,10.77
ORD003396,CUST00452,2023-05-30,283.41
ORD004454,CUST00811,2023-05-30,161.76
ORD003773,CUST00650,2023-05-30,1165.24
ORD001499,CUST00881,2023-05-30,109.37
ORD000606,CUST00399,2023-05-30,39.08
ORD000564,CUST00728,2023-05-31,40.53
ORD005638,CUST00872,2023-05-31,163.79
ORD000234,CUST00384,2023-05-31,104.92
ORD001468,CUST00029,2023-05-31,8.44
ORD004731,CUST00923,2023-05-31,8.21
ORD001643,CUST00568,2023-05-31,597.02
ORD004649,CUST00421,2023-06-01,23.17
ORD002153,CUST00916,2023-06-01,33.33
ORD003033,CUST00461,2023-06-01,16.42
ORD003020,CUST00009,2023-06-01,140.03
ORD005535,CUST00186,2023-06-01,97.24
ORD001189,CUST00957,2023-06-01,122.73
ORD001636,CUST00274,2023-06-01,83.6
ORD003912,CUST00980,2023-06-01,5.8
ORD002237,CUST00664,2023-06-02,177.54
ORD002934,CUST00491,2023-06-02,118.14
ORD002818,CUST00657,2023-06-02,181.63
ORD002634,CUST00342,2023-06-02,323.93
ORD002573,CUST00675,2023-06-02,105.82
ORD004684,CUST00974,2023-06-02,420.56
ORD002183,CUST00952,2023-06-02,77.79
ORD002083,CUST00510,2023-06-03,81.2
ORD000056,CUST00491,2023-06-03,56.78
ORD001602,CUST00169,2023-06-03,220.8
ORD003030,CUST00539,2023-06-04,21.99
ORD002391,CUST00199,2023-06-04,244.57
ORD002255,CUST00718,2023-06-05,175.03
ORD002883,CUST00791,2023-06-05,575.8
ORD005795,CUST00446,2023-06-05,531.39
ORD001501,CUST00664,2023-06-05,46.81
ORD004217,CUST00787,2023-06-06,47.19
ORD005410,CUST00925,2023-06-06,237.23
ORD004469,CUST00171,2023-06-06,114.36
ORD000793,CUST00375,2023-06-06,221.5
ORD001038,CUST00739,2023-06-06,158.85
ORD000742,CUST00134,2023-06-06,4.93
ORD000655,CUST00485,2023-06-07,46.16
ORD004191,CUST00029,2023-06-07,348.59
ORD005980,CUST00688,2023-06-07,41.52
ORD001351,CUST00988,2023-06-07,157.35
ORD000155,CUST00086,2023-06-07,63.09
ORD002678,CUST00353,2023-06-07,75.16
ORD002428,CUST00043,2023-06-07,416.55
ORD001028,CUST00708,2023-06-07,111.43
ORD003016,CUST00711,2023-06-07,19.68
ORD004766,CUST00613,2023-06-07,673.29
ORD003559,CUST00787,2023-06-07,31.91
ORD003657,CUST00268,2023-06-08,353.82
ORD002309,CUST00726,2023-06-08,55.31
ORD003826,CUST00025,2023-06-08,126.18
ORD000215,CUST00078,2023-06-08,59.28
ORD001953,CUST00667,2023-06-09,326.41
ORD001165,CUST00280,2023-06-09,46.81
ORD004508,CUST00195,2023-06-09,358.81
ORD004050,CUST00718,2023-06-09,240.3
ORD002379,CUST00199,2023-06-09,98.12
ORD004903,CUST00384,2023-06-09,17.48
ORD005997,CUST00146,2023-06-09,46.33
ORD004100,CUST00094,2023-06-09,114.24
ORD001705,CUST00478,2023-06-09,30.13
ORD001400,CUST00521,2023-06-09,190.5
ORD002619,CUST00687,2023-06-09,31.91
ORD001666,CUST00156,2023-06-10,8.21
ORD003974,CUST00189,2023-06-10,271.91
ORD004320,CUST00106,2023-06-10,42.01
ORD001317,CUST00116,2023-06-10,170.09
ORD005420,CUST00563,2023-06-10,34.02
ORD004247,CUST00555,2023-06-10,482.54
ORD000779,CUST00274,2023-06-10,184.48
ORD000258,CUST00665,2023-06-11,537.21
ORD003843,CUST00468,2023-06-11,311.59
ORD003389,CUST00804,2023-06-11,951.71
ORD002219,CUST00870,2023-06-11,8.44
ORD001385,CUST00412,2023-06-11,5.8
ORD000073,CUST00716,2023-06-11,94.14
ORD005775,CUST00367,2023-06-12,443.6
ORD005820,CUST00420,2023-06-12,39.79
ORD000899,CUST00170,2023-06-12,58.41
ORD004904,CUST00939,2023-06-12,33.08
ORD001871,CUST00310,2023-06-12,54.51
ORD003322,CUST00189,2023-06-12,29.72
ORD000902,CUST00647,2023-06-12,184.61
ORD003152,CUST00232,2023-06-12,39.34
ORD003651,CUST00014,2023-06-12,226.86
ORD005585,CUST00331,2023-06-13,97.28
ORD001243,CUST00674,2023-06-13,24.53
ORD004145,CUST00113,2023-06-14,55.5
ORD003820,CUST00764,2023-06-14,115.68
ORD000316,CUST00334,2023-06-14,336.91
ORD004735,CUST00901,2023-06-14,175.11
ORD000525,CUST00968,2023-06-14,186.81
ORD002366,CUST00740,2023-06-14,77.91
ORD001689,CUST00687,2023-06-15,44.16
ORD002077,CUST00339,2023-06-15,207.54
ORD003540,CUST00439,2023-06-15,31.7
ORD002048,CUST00049,2023-06-15,502.65
ORD005090,CUST00413,2023-06-15,21.81
ORD004254,CUST00029,2023-06-16,453.46
ORD001153,CUST00749,2023-06-16,781.89
ORD003845,CUST00884,2023-06-16,105.21
ORD003458,CUST00648,2023-06-16,858.44
ORD004795,CUST00435,2023-06-16,85.22
ORD002551,CUST00375,2023-06-16,31.62
ORD003354,CUST00412,2023-06-16,51.78
ORD005544,CUST00171,2023-06-16,194.48
ORD003766,CUST00824,2023-06-16,46.81
ORD002705,CUST00645,2023-06-16,1208.62
ORD001945,CUST00463,2023-06-17,47.2
ORD005533,CUST00727,2023-06-17,7.6
ORD000663,CUST00480,2023-06-17,64.33
ORD002264,CUST00384,2023-06-17,320.06
ORD002226,CUST00119,2023-06-17,1277.43
ORD002868,CUST00269,2023-06-17,110.75
ORD002969,CUST00344,2023-06-17,765.87
ORD005318,CUST00570,2023-06-18,21.99
ORD002833,CUST00718,2023-06-18,49.06
ORD002811,CUST00645,2023-06-18,320.06
ORD000138,CUST00599,2023-06-18,10.77
ORD001463,CUST00204,2023-06-18,59.94
ORD005895,CUST00772,2023-06-18,475.97
ORD000364,CUST00419,2023-06-18,111.43
ORD002840,CUST00921,2023-06-19,54.52
ORD000072,CUST00515,2023-06-19,691.5
ORD003104,CUST00591,2023-06-19,137.33
ORD004015,CUST00507,2023-06-20,347.68
ORD003431,CUST00262,2023-06-20,10.44
ORD000648,CUST00480,2023-06-20,213.36
ORD002658,CUST00242,2023-06-20,347.32
ORD001986,CUST00326,2023-06-20,149.99
ORD005233,CUST00389,2023-06-20,16.65
ORD001382,CUST00079,2023-06-20,78.51
ORD003772,CUST00034,2023-06-21,44.16
ORD003749,CUST00811,2023-06-21,46.48
ORD001766,CUST00313,2023-06-21,7.17
ORD000999,CUST00833,2023-06-21,78.72
ORD003018,CUST00011,2023-06-21,25.9
ORD001750,CUST00650,2023-06-21,184.76
ORD002506,CUST00853,2023-06-21,288.36
ORD001006,CUST00216,2023-06-21,311.77
ORD002697,CUST00025,2023-06-21,43.71
ORD000977,CUST00551,2023-06-22,303.22
ORD002433,CUST00206,2023-06-22,11.6
ORD003214,CUST00259,2023-06-22,44.47
ORD003451,CUST00229,2023-06-22,93.62
ORD002063,CUST00689,2023-06-22,29.72
ORD005768,CUST00787,2023-06-22,364.22
ORD003708,CUST00537,2023-06-22,209.74
ORD002764,CUST00105,2023-06-22,131.13
ORD003780,CUST00336,2023-06-23,24.53
ORD005133,CUST00338,2023-06-23,22.68
ORD001398,CUST00612,2023-06-23,87.42
ORD000987,CUST00728,2023-06-23,124.57
ORD003575,CUST00677,2023-06-23,16.61
ORD003764,CUST00327,2023-06-23,47.75
ORD003468,CUST00674,2023-06-23,180.56
ORD002972,CUST00439,2023-06-23,210.42
ORD005089,CUST00957,2023-06-24,604.45
ORD005835,CUST00946,2023-06-24,27.26
ORD001857,CUST00648,2023-06-25,49.06
ORD004099,CUST00793,2023-06-25,42.12
ORD003021,CUST00140,2023-06-25,60.4
ORD001359,CUST00895,2023-06-25,207.82
ORD004018,CUST00572,2023-06-25,92.38
ORD003539,CUST00199,2023-06-25,5.8
ORD001431,CUST00525,2023-06-25,37.28
ORD002270,CUST00591,2023-06-25,108.01
ORD003341,CUST00972,2023-06-25,44.47
ORD001396,CUST00700,2023-06-25,4.93
ORD002932,CUST00673,2023-06-25,32.58
ORD004701,CUST00242,2023-06-25,551.66
ORD000943,CUST00420,2023-06-26,348.54
ORD005900,CUST00644,2023-06-26,54.51
ORD004581,CUST00479,2023-06-26,46.81
ORD001753,CUST00232,2023-06-26,151.68
ORD000553,CUST00575,2023-06-26,275.9
ORD003362,CUST00530,2023-06-26,27.26
ORD002732,CUST00390,2023-06-26,39.71
ORD000170,CUST00774,2023-06-27,24.53
ORD004043,CUST00663,2023-06-27,203.71
ORD005003,CUST00816,2023-06-27,75.04
ORD004358,CUST00537,2023-06-27,61.11
ORD005731,CUST00170,2023-06-27,216.03
ORD005679,CUST00334,2023-06-27,54.51
ORD003453,CUST00884,2023-06-27,63.09
ORD005653,CUST00177,2023-06-28,326.32
ORD001166,CUST00769,2023-06-28,122.91
ORD004526,CUST00432,2023-06-29,147.18
ORD000467,CUST00667,2023-06-29,13.43
ORD001087,CUST00658,2023-06-29,141.88
ORD000341,CUST00544,2023-06-29,51.55
ORD001576,CUST00737,2023-06-29,159.42
ORD001171,CUST00563,2023-06-29,139.15
ORD000421,CUST00078,2023-06-29,219.21
ORD005351,CUST00873,2023-06-29,440.39
ORD002125,CUST00048,2023-06-29,253.01
ORD000879,CUST00318,2023-06-29,269.6
ORD002684,CUST00770,2023-06-29,94.14
ORD001255,CUST00444,2023-06-29,323.32
ORD000892,CUST00298,2023-06-29,46.48
ORD001777,CUST00186,2023-06-30,54.51
ORD000379,CUST00581,2023-06-30,560.64
ORD000002,CUST00571,2023-06-30,57.44
ORD005358,CUST00676,2023-06-30,211.41
ORD002648,CUST00307,2023-06-30,214.53
ORD001154,CUST00667,2023-06-30,454.0
ORD001938,CUST00568,2023-06-30,46.81
ORD004044,CUST00735,2023-07-01,189.27
ORD005267,CUST00181,2023-07-01,141.96
ORD000716,CUST00965,2023-07-01,436.52
ORD005187,CUST00352,2023-07-01,35.53
ORD002350,CUST00409,2023-07-01,103.04
ORD004106,CUST00974,2023-07-01,1061.68
ORD003541,CUST00316,2023-07-01,27.26
ORD003730,CUST00449,2023-07-02,299.37
ORD001215,CUST00480,2023-07-02,8.44
ORD003990,CUST00457,2023-07-02,16.88
ORD001864,CUST00984,2023-07-02,98.12
ORD005601,CUST00607,2023-07-03,18.99
ORD003943,CUST00119,2023-07-03,46.33
ORD005479,CUST00790,2023-07-03,105.2
ORD000570,CUST00274,2023-07-03,329.29
ORD002281,CUST00949,2023-07-03,394.27
ORD005582,CUST00957,2023-07-04,41.8
ORD001076,CUST00206,2023-07-04,129.55
ORD005667,CUST00367,2023-07-04,153.82
ORD001426,CUST00672,2023-07-04,373.76
ORD004012,CUST00792,2023-07-04,97.24
ORD001588,CUST00262,2023-07-05,87.01
ORD001701,CUST00113,2023-07-05,84.47
ORD001353,CUST00859,2023-07-05,917.87
ORD003380,CUST00439,2023-07-05,635.72
ORD002908,CUST00647,2023-07-05,570.18
ORD002247,CUST00784,2023-07-05,11.34
ORD000102,CUST00202,2023-07-05,126.16
ORD005753,CUST00078,2023-07-05,362.89
ORD003705,CUST00359,2023-07-05,46.81
ORD003707,CUST00522,2023-07-06,321.9
ORD003944,CUST00351,2023-07-06,5.8
ORD004408,CUST00688,2023-07-06,99.68
ORD005893,CUST00699,2023-07-06,362.81
ORD002605,CUST00944,2023-07-06,99.08
ORD004205,CUST00198,2023-07-06,139.15
ORD001755,CUST00649,2023-07-07,87.52
ORD000109,CUST00217,2023-07-07,162.28
ORD000607,CUST00054,2023-07-07,156.33
ORD005451,CUST00493,2023-07-07,10.77
ORD003601,CUST00635,2023-07-07,54.86
ORD005170,CUST00727,2023-07-07,49.4
ORD000057,CUST00800,2023-07-08,199.0
ORD005290,CUST00029,2023-07-08,44.47
ORD005282,CUST00667,2023-07-08,25.53
ORD001301,CUST00686,2023-07-08,705.52
ORD000518,CUST00313,2023-07-09,429.53
ORD001751,CUST00965,2023-07-09,92.38
ORD003824,CUST00992,2023-07-09,511.66
ORD001039,CUST00392,2023-07-09,41.83
ORD003762,CUST00833,2023-07-09,23.15
ORD005361,CUST00784,2023-07-09,44.47
ORD005111,CUST00891,2023-07-09,359.7
ORD000778,CUST00539,2023-07-09,160.04
ORD003071,CUST00663,2023-07-10,11.34
ORD004687,CUST00873,2023-07-10,77.79
ORD003999,CUST00128,2023-07-10,110.75
ORD005986,CUST00949,2023-07-10,96.12
ORD004715,CUST00816,2023-07-10,52.44
ORD001834,CUST00570,2023-07-11,264.05
ORD005777,CUST00137,2023-07-11,5.8
ORD001873,CUST00408,2023-07-11,195.2
ORD000159,CUST00012,2023-07-11,306.09
ORD002912,CUST00677,2023-07-11,671.7
ORD005841,CUST00544,2023-07-12,548.1
ORD005627,CUST00456,2023-07-12,283.41
ORD003942,CUST00728,2023-07-12,290.09
ORD004316,CUST00171,2023-07-12,44.47
ORD003068,CUST00946,2023-07-12,138.2
ORD001484,CUST00952,2023-07-12,449.19
ORD001900,CUST00824,2023-07-12,283.41
ORD004255,CUST00334,2023-07-13,58.46
ORD002594,CUST00063,2023-07-14,65.28
ORD004770,CUST00345,2023-07-14,95.73
ORD004686,CUST00298,2023-07-14,52.76
ORD004157,CUST00912,2023-07-14,277.13
ORD005056,CUST00577,2023-07-14,69.45
ORD003037,CUST00972,2023-07-14,327.12
ORD000626,CUST00298,2023-07-14,666.94
ORD003408,CUST00338,2023-07-15,464.22
ORD000245,CUST00086,2023-07-15,5.51
ORD003074,CUST00879,2023-07-15,186.88
ORD000668,CUST00274,2023-07-15,41.8
ORD005322,CUST00480,2023-07-15,178.85
ORD000543,CUST00653,2023-07-15,188.28
ORD004603,CUST00972,2023-07-15,336.91
ORD000156,CUST00726,2023-07-15,332.25
ORD000712,CUST00288,2023-07-16,44.47
ORD005500,CUST00693,2023-07-16,160.88
ORD001671,CUST00566,2023-07-16,388.53
ORD001466,CUST00990,2023-07-16,107.11
ORD003607,CUST00428,2023-07-16,592.86
ORD006000,CUST00112,2023-07-16,31.91
ORD003623,CUST00176,2023-07-16,124.48
ORD005070,CUST00826,2023-07-17,157.53
ORD002402,CUST00952,2023-07-17,592.15
ORD001486,CUST00280,2023-07-17,171.66
ORD003992,CUST00562,2023-07-17,346.48
ORD000483,CUST00659,2023-07-17,110.75
ORD004472,CUST00928,2023-07-17,43.71
ORD002524,CUST00339,2023-07-17,403.66
ORD003905,CUST00434,2023-07-18,177.94
ORD005650,CUST00964,2023-07-18,899.29
ORD000694,CUST00292,2023-07-18,229.18
ORD005430,CUST00581,2023-07-18,37.62
ORD005538,CUST00638,2023-07-18,200.04
ORD002850,CUST00468,2023-07-18,103.57
ORD004728,CUST00421,2023-07-19,101.87
ORD005399,CUST00736,2023-07-19,43.71
ORD001181,CUST00446,2023-07-19,337.2
ORD003205,CUST00024,2023-07-19,336.91
ORD005987,CUST00859,2023-07-19,436.61
ORD003421,CUST00032,2023-07-19,234.58
ORD001073,CUST00667,2023-07-19,158.85
ORD003229,CUST00012,2023-07-19,7.17
ORD002995,CUST00338,2023-07-19,105.56
ORD004274,CUST00375,2023-07-19,570.86
ORD002589,CUST00558,2023-07-19,86.79
ORD001448,CUST00758,2023-07-20,43.71
ORD000562,CUST00079,2023-07-20,54.86
ORD005107,CUST00110,2023-07-20,92.38
ORD004783,CUST00992,2023-07-20,79.13
ORD003874,CUST00041,2023-07-20,23.15
ORD004268,CUST00015,2023-07-20,494.23
ORD003240,CUST00032,2023-07-20,49.07
ORD003373,CUST00322,2023-07-21,283.02
ORD000289,CUST00291,2023-07-21,30.31
ORD003173,CUST00271,2023-07-21,404.37
ORD005392,CUST00965,2023-07-21,4.64
ORD003962,CUST00544,2023-07-21,91.98
ORD004144,CUST00275,2023-07-21,372.67
ORD004786,CUST00561,2023-07-21,113.1
ORD002131,CUST00737,2023-07-21,380.12
ORD004175,CUST00870,2023-07-21,652.92
ORD005684,CUST00029,2023-07-21,566.82
ORD002232,CUST00439,2023-07-21,186.88
ORD003571,CUST00106,2023-07-21,1039.21
ORD000323,CUST00871,2023-07-22,39.34
ORD002111,CUST00177,2023-07-22,190.06
ORD004953,CUST00318,2023-07-22,124.57
ORD004758,CUST00268,2023-07-22,336.91
ORD005554,CUST00032,2023-07-22,88.97
ORD005041,CUST00817,2023-07-22,163.76
ORD003920,CUST00562,2023-07-22,46.48
ORD000126,CUST00687,2023-07-23,23.15
ORD004662,CUST00732,2023-07-23,99.7
ORD005472,CUST00186,2023-07-23,8.21
ORD005369,CUST00144,2023-07-23,607.57
ORD003069,CUST00650,2023-07-23,82.65
ORD002447,CUST00493,2023-07-23,16.61
ORD000919,CUST00073,2023-07-23,11.34
ORD000870,CUST00927,2023-07-23,362.81
ORD000740,CUST00446,2023-07-24,28.92
ORD002939,CUST00531,2023-07-24,105.56
ORD004321,CUST00170,2023-07-24,111.25
ORD000376,CUST00026,2023-07-24,82.65
ORD003398,CUST00181,2023-07-24,43.61
ORD004909,CUST00812,2023-07-24,46.48
ORD002576,CUST00859,2023-07-24,27.26
ORD001683,CUST00081,2023-07-25,11.34
ORD003704,CUST00929,2023-07-25,26.35
ORD005412,CUST00785,2023-07-25,329.27
ORD002211,CUST00105,2023-07-25,69.1
ORD002233,CUST00334,2023-07-25,9.86
ORD002611,CUST00527,2023-07-26,54.51
ORD005916,CUST00881,2023-07-26,545.38
ORD002522,CUST00034,2023-07-26,203.67
ORD001619,CUST00577,2023-07-26,89.63
ORD000167,CUST00689,2023-07-26,22.08
ORD005248,CUST00396,2023-07-26,142.21
ORD001401,CUST00196,2023-07-27,49.63
ORD001558,CUST00812,2023-07-27,234.58
ORD004564,CUST00324,2023-07-27,194.48
ORD004761,CUST00390,2023-07-27,61.11
ORD001663,CUST00480,2023-07-27,428.93
ORD002196,CUST00359,2023-07-27,392.12
ORD004038,CUST00784,2023-07-27,228.4
ORD000827,CUST00119,2023-07-27,132.95
ORD005251,CUST00717,2023-07-28,176.4
ORD002265,CUST00018,2023-07-28,586.63
ORD005345,CUST00901,2023-07-28,16.42
ORD005879,CUST00755,2023-07-28,86.19
ORD005300,CUST00740,2023-07-28,188.65
ORD000516,CUST00103,2023-07-28,63.09
ORD005710,CUST00841,2023-07-29,7.6
ORD005572,CUST00491,2023-07-29,380.12
ORD004915,CUST00645,2023-07-29,339.52
ORD000629,CUST00525,2023-07-29,8.44
ORD002327,CUST00043,2023-07-29,99.7
ORD000348,CUST00544,2023-07-29,51.78
ORD003066,CUST00353,2023-07-29,683.26
ORD000604,CUST00221,2023-07-29,19.62
ORD002162,CUST00694,2023-07-29,431.21
ORD005219,CUST00248,2023-07-29,17.4
ORD004688,CUST00063,2023-07-30,5.22
ORD000783,CUST00947,2023-07-30,338.61
ORD005191,CUST00033,2023-07-30,11.34
ORD005134,CUST00628,2023-07-30,18.52
ORD004359,CUST00539,2023-07-30,121.77
ORD005833,CUST00324,2023-07-30,63.09
ORD004214,CUST00276,2023-07-30,288.52
ORD002201,CUST00389,2023-07-30,92.38
ORD001054,CUST00996,2023-07-30,238.88
ORD004626,CUST00244,2023-07-30,95.6
ORD000746,CUST00680,2023-07-30,53.18
ORD002896,CUST00373,2023-07-31,16.88
ORD001056,CUST00794,2023-07-31,54.51
ORD000129,CUST00211,2023-07-31,59.94
ORD004507,CUST00856,2023-07-31,11.6
ORD001072,CUST00850,2023-07-31,790.04
ORD004550,CUST00640,2023-07-31,830.2
ORD004981,CUST00135,2023-07-31,718.84
ORD002791,CUST00562,2023-07-31,93.17
ORD004438,CUST00804,2023-08-01,242.01
ORD000334,CUST00174,2023-08-01,37.62
ORD005784,CUST00280,2023-08-01,197.66
ORD005776,CUST00599,2023-08-01,339.37
ORD001221,CUST00246,2023-08-01,99.68
ORD000135,CUST00324,2023-08-01,117.29
ORD000177,CUST00105,2023-08-01,611.6
ORD002493,CUST00146,2023-08-01,8.44
ORD003155,CUST00927,2023-08-01,6.98
ORD000840,CUST00682,2023-08-01,138.11
ORD000842,CUST00022,2023-08-01,15.83
ORD002282,CUST00853,2023-08-01,46.48
ORD002585,CUST00642,2023-08-01,295.74
ORD000064,CUST00434,2023-08-01,186.88
ORD001425,CUST00735,2023-08-02,179.49
ORD002860,CUST00113,2023-08-02,319.06
ORD004560,CUST00921,2023-08-02,92.4
ORD003212,CUST00492,2023-08-02,27.26
ORD005957,CUST00957,2023-08-02,209.9
ORD004744,CUST00582,2023-08-02,5.8
ORD000117,CUST00243,2023-08-02,191.65
ORD000926,CUST00093,2023-08-02,317.24
ORD004692,CUST00335,2023-08-02,143.96
ORD001207,CUST00802,2023-08-02,63.09
ORD004347,CUST00480,2023-08-02,511.97
ORD001122,CUST00893,2023-08-03,97.24
ORD000368,CUST00243,2023-08-03,228.48
ORD005714,CUST00199,2023-08-03,316.6
ORD002334,CUST00171,2023-08-03,973.62
ORD003983,CUST00874,2023-08-03,783.13
ORD003483,CUST00901,2023-08-04,345.57
ORD003665,CUST00525,2023-08-04,43.71
ORD003238,CUST00974,2023-08-04,8.44
ORD000988,CUST00009,2023-08-04,88.31
ORD001934,CUST00025,2023-08-04,87.52
ORD004733,CUST00649,2023-08-04,52.6
ORD004698,CUST00740,2023-08-04,58.92
ORD004667,CUST00165,2023-08-04,227.74
ORD002699,CUST00202,2023-08-04,20.62
ORD002284,CUST00068,2023-08-04,192.68
ORD000201,CUST00818,2023-08-04,53.65
ORD004984,CUST00432,2023-08-04,41.7
ORD004053,CUST00584,2023-08-05,37.71
ORD000958,CUST00605,2023-08-05,10.21
ORD003482,CUST00578,2023-08-05,96.49
ORD000705,CUST00808,2023-08-05,168.19
ORD003436,CUST00389,2023-08-05,110.75
ORD004235,CUST00419,2023-08-05,105.21
ORD003924,CUST00063,2023-08-05,337.39
ORD000973,CUST00830,2023-08-05,225.43
ORD005367,CUST00865,2023-08-05,234.58
ORD005171,CUST00929,2023-08-05,204.57
ORD001336,CUST00144,2023-08-06,133.9
ORD005991,CUST00247,2023-08-07,172.08
ORD004929,CUST00769,2023-08-07,370.56
ORD001034,CUST00232,2023-08-07,221.5
ORD001989,CUST00871,2023-08-07,17.48
ORD005088,CUST00913,2023-08-07,347.87
ORD001485,CUST00320,2023-08-07,425.27
ORD001225,CUST00135,2023-08-07,874.83
ORD001239,CUST00675,2023-08-08,4.64
ORD001693,CUST00721,2023-08-08,194.48
ORD003758,CUST00537,2023-08-08,478.57
ORD000440,CUST00812,2023-08-08,356.59
ORD004648,CUST00063,2023-08-08,54.51
ORD005924,CUST00452,2023-08-08,188.28
ORD003070,CUST00830,2023-08-08,8.21
ORD000400,CUST00607,2023-08-09,180.56
ORD000891,CUST00079,2023-08-09,119.87
ORD002374,CUST00406,2023-08-09,97.24
ORD002084,CUST00079,2023-08-09,442.63
ORD003116,CUST00884,2023-08-09,984.18
ORD004021,CUST00574,2023-08-09,291.62
ORD005006,CUST00650,2023-08-09,49.06
ORD005431,CUST00957,2023-08-09,11.02
ORD005437,CUST00724,2023-08-09,31.91
ORD000128,CUST00955,2023-08-09,21.24
ORD000158,CUST00432,2023-08-09,88.94
ORD002199,CUST00034,2023-08-09,82.65
ORD005970,CUST00480,2023-08-10,186.03
ORD002330,CUST00653,2023-08-10,73.18
ORD000521,CUST00677,2023-08-10,102.66
ORD004506,CUST00944,2023-08-10,79.28
ORD004939,CUST00926,2023-08-10,106.25
ORD005680,CUST00373,2023-08-10,85.83
ORD002027,CUST00817,2023-08-11,41.8
ORD002688,CUST00968,2023-08-11,43.61
ORD002874,CUST00334,2023-08-11,132.98
ORD004612,CUST00755,2023-08-11,124.27
ORD000549,CUST00628,2023-08-11,253.03
ORD003809,CUST00242,2023-08-11,298.95
ORD001403,CUST00745,2023-08-12,583.53
ORD003057,CUST00879,2023-08-12,190.06
ORD005547,CUST00045,2023-08-12,190.06
ORD004664,CUST00816,2023-08-12,188.77
ORD001265,CUST00820,2023-08-12,34.02
ORD005773,CUST00710,2023-08-12,577.42
ORD004750,CUST00029,2023-08-13,424.55
ORD005352,CUST00696,2023-08-13,684.03
ORD001446,CUST00413,2023-08-13,58.08
ORD002546,CUST00181,2023-08-13,514.59
ORD003086,CUST00055,2023-08-13,71.34
ORD001021,CUST00645,2023-08-13,128.63
ORD000726,CUST00339,2023-08-13,69.03
ORD005375,CUST00612,2023-08-14,37.62
ORD004000,CUST00055,2023-08-14,60.2
ORD004853,CUST00353,2023-08-14,43.71
ORD004763,CUST00745,2023-08-14,1010.73
ORD004402,CUST00722,2023-08-14,186.88
ORD002142,CUST00156,2023-08-14,516.81
ORD001374,CUST00851,2023-08-14,438.81
ORD000723,CUST00976,2023-08-15,250.81
ORD000616,CUST00493,2023-08-15,1010.33
ORD004627,CUST00048,2023-08-15,622.93
ORD000571,CUST00561,2023-08-15,11.02
ORD002238,CUST00044,2023-08-15,122.65
ORD001764,CUST00173,2023-08-15,98.63
ORD002505,CUST00079,2023-08-15,277.58
ORD000214,CUST00640,2023-08-15,29.91
ORD004327,CUST00474,2023-08-15,8.21
ORD005652,CUST00032,2023-08-15,82.65
ORD001180,CUST00965,2023-08-16,47.2
ORD005892,CUST00687,2023-08-16,65.98
ORD003587,CUST00569,2023-08-16,17.4
ORD002754,CUST00334,2023-08-16,19.62
ORD002698,CUST00607,2023-08-16,480.46
ORD000677,CUST00929,2023-08-16,288.44
ORD002642,CUST00952,2023-08-16,56.38
ORD005166,CUST00824,2023-08-16,115.12
ORD001964,CUST00045,2023-08-16,130.46
ORD002039,CUST00574,2023-08-16,619.67
ORD003677,CUST00045,2023-08-16,269.24
ORD002997,CUST00073,2023-08-16,55.55
ORD001342,CUST00452,2023-08-16,39.71
ORD003469,CUST00282,2023-08-17,4.93
ORD001641,CUST00092,2023-08-17,373.69
ORD001281,CUST00139,2023-08-17,235.85
ORD000948,CUST00770,2023-08-17,37.67
ORD001946,CUST00232,2023-08-17,538.48
ORD005073,CUST00132,2023-08-18,479.46
ORD005138,CUST00447,2023-08-18,273.96
ORD002827,CUST00743,2023-08-18,1010.73
ORD003902,CUST00628,2023-08-18,25.53
ORD005295,CUST00588,2023-08-18,202.09
ORD002517,CUST00734,2023-08-18,374.09
ORD002089,CUST00833,2023-08-18,311.93
ORD003473,CUST00473,2023-08-18,111.01
ORD005015,CUST00740,2023-08-18,171.05
ORD003300,CUST00105,2023-08-18,53.63
ORD004259,CUST00596,2023-08-19,43.71
ORD004276,CUST00771,2023-08-20,58.55
ORD003335,CUST00170,2023-08-20,138.42
ORD000688,CUST00718,2023-08-20,712.57
ORD001634,CUST00450,2023-08-20,98.79
ORD005339,CUST00720,2023-08-20,140.17
ORD004539,CUST00726,2023-08-20,231.51
ORD001198,CUST00983,2023-08-21,163.21
ORD003011,CUST00473,2023-08-21,297.63
ORD001554,CUST00232,2023-08-21,84.26
ORD002203,CUST00583,2023-08-21,283.41
ORD004016,CUST00740,2023-08-22,21.55
ORD004209,CUST00198,2023-08-22,17.48
ORD003821,CUST00192,2023-08-22,200.65
ORD004035,CUST00700,2023-08-22,164.1
ORD005185,CUST00128,2023-08-22,124.0
ORD003830,CUST00055,2023-08-22,23.15
ORD000795,CUST00583,2023-08-23,320.06
ORD001866,CUST00588,2023-08-23,60.13
ORD002639,CUST00181,2023-08-23,228.13
ORD003412,CUST00033,2023-08-23,219.67
ORD004026,CUST00745,2023-08-24,82.65
ORD003484,CUST00045,2023-08-24,80.41
ORD000120,CUST00828,2023-08-24,359.51
ORD005118,CUST00195,2023-08-25,8.21
ORD003740,CUST00902,2023-08-25,99.68
ORD001422,CUST00771,2023-08-25,14.78
ORD003504,CUST00749,2023-08-25,17.48
ORD004705,CUST00947,2023-08-25,332.89
ORD001605,CUST00147,2023-08-25,7.6
ORD005326,CUST00389,2023-08-25,210.28
ORD004980,CUST00345,2023-08-26,135.46
ORD004159,CUST00138,2023-08-26,215.15
ORD000413,CUST00710,2023-08-26,49.16
ORD000463,CUST00049,2023-08-27,77.66
ORD005718,CUST00672,2023-08-27,28.72
ORD004007,CUST00974,2023-08-27,25.09
ORD003126,CUST00582,2023-08-27,117.04
ORD005120,CUST00045,2023-08-27,299.03
ORD004639,CUST00522,2023-08-27,117.6
ORD003061,CUST00549,2023-08-27,234.58
ORD002681,CUST00787,2023-08-27,129.22
ORD002286,CUST00795,2023-08-27,8.21
ORD004082,CUST00327,2023-08-27,92.77
ORD003783,CUST00383,2023-08-27,93.83
ORD003103,CUST00744,2023-08-28,215.27
ORD004416,CUST00769,2023-08-28,171.05
ORD005226,CUST00972,2023-08-28,63.82
ORD003627,CUST00071,2023-08-28,32.97
ORD005209,CUST00324,2023-08-28,378.73
ORD002185,CUST00405,2023-08-28,336.91
ORD001363,CUST00912,2023-08-28,59.94
ORD001716,CUST00317,2023-08-28,8.21
ORD005640,CUST00246,2023-08-28,8.21
ORD000437,CUST00994,2023-08-28,430.98
ORD004665,CUST00934,2023-08-29,135.21
ORD005304,CUST00071,2023-08-29,406.49
ORD004616,CUST00605,2023-08-29,271.0
ORD000303,CUST00232,2023-08-29,8.02
ORD004064,CUST00491,2023-08-29,140.43
ORD004704,CUST00968,2023-08-29,492.07
ORD001939,CUST00577,2023-08-29,54.51
ORD000812,CUST00659,2023-08-29,76.59
ORD000455,CUST00216,2023-08-30,680.52
ORD004524,CUST00199,2023-08-30,247.17
ORD003935,CUST00607,2023-08-30,251.18
ORD005670,CUST00375,2023-08-30,369.09
ORD004804,CUST00925,2023-08-30,77.69
ORD001155,CUST00488,2023-08-30,45.64
ORD005454,CUST00298,2023-08-30,673.82
ORD005615,CUST00512,2023-08-30,147.18
ORD002620,CUST00958,2023-08-30,122.0
ORD002673,CUST00012,2023-08-30,8.44
ORD001338,CUST00354,2023-08-31,11.6
ORD001975,CUST00808,2023-08-31,447.15
ORD000113,CUST00192,2023-08-31,438.0
ORD001930,CUST00618,2023-08-31,76.58
ORD000610,CUST00200,2023-08-31,431.49
ORD001080,CUST00579,2023-08-31,25.32
ORD005686,CUST00184,2023-08-31,11.34
ORD000447,CUST00577,2023-08-31,532.61
ORD001711,CUST00735,2023-09-01,1010.73
ORD004552,CUST00619,2023-09-01,54.9
ORD002957,CUST00438,2023-09-01,39.51
ORD002935,CUST00487,2023-09-01,404.15
ORD004032,CUST00762,2023-09-01,93.83
ORD001127,CUST00110,2023-09-01,6.98
ORD005317,CUST00170,2023-09-01,283.41
ORD002403,CUST00519,2023-09-02,200.71
ORD003568,CUST00046,2023-09-02,157.69
ORD003860,CUST00232,2023-09-02,235.87
ORD001506,CUST00434,2023-09-02,34.96
ORD004155,CUST00720,2023-09-02,132.66
ORD000419,CUST00589,2023-09-02,359.89
ORD001307,CUST00824,2023-09-02,44.47
ORD000750,CUST00448,2023-09-02,27.26
ORD001231,CUST00681,2023-09-02,264.57
ORD003041,CUST00144,2023-09-03,15.19
ORD000290,CUST00717,2023-09-03,14.78
ORD000295,CUST00578,2023-09-03,143.73
ORD005613,CUST00726,2023-09-03,21.99
ORD000713,CUST00322,2023-09-03,369.91
ORD002593,CUST00607,2023-09-03,162.89
ORD005208,CUST00544,2023-09-03,8.44
ORD002241,CUST00750,2023-09-04,20.84
ORD002005,CUST00081,2023-09-04,56.78
ORD002256,CUST00054,2023-09-04,41.8
ORD000854,CUST00771,2023-09-04,109.02
ORD000753,CUST00391,2023-09-04,111.59
ORD003782,CUST00128,2023-09-04,28.72
ORD005722,CUST00098,2023-09-04,239.63
ORD004222,CUST00700,2023-09-04,99.68
ORD004085,CUST00225,2023-09-04,296.01
ORD003401,CUST00136,2023-09-04,284.2
ORD002109,CUST00886,2023-09-04,806.13
ORD005220,CUST00891,2023-09-05,15.73
ORD000900,CUST00873,2023-09-05,46.71
ORD004718,CUST00221,2023-09-05,94.14
ORD005158,CUST00064,2023-09-05,83.6
ORD002019,CUST00947,2023-09-05,54.25
ORD000976,CUST00375,2023-09-05,98.12
ORD001318,CUST00032,2023-09-05,221.5
ORD000063,CUST00674,2023-09-05,190.06
ORD000972,CUST00605,2023-09-05,87.42
ORD003718,CUST00771,2023-09-05,80.35
ORD001788,CUST00323,2023-09-06,320.06
ORD005436,CUST00336,2023-09-06,186.88
ORD002434,CUST00099,2023-09-07,43.71
ORD001014,CUST00527,2023-09-07,171.05
ORD002680,CUST00635,2023-09-07,8.21
ORD005173,CUST00305,2023-09-07,59.61
ORD005699,CUST00676,2023-09-08,108.99
ORD002877,CUST00234,2023-09-08,42.13
ORD005560,CUST00603,2023-09-08,56.78
ORD004811,CUST00140,2023-09-08,94.14
ORD001244,CUST00901,2023-09-08,8.21
ORD005634,CUST00944,2023-09-08,205.68
ORD004326,CUST00025,2023-09-08,375.48
ORD005455,CUST00271,2023-09-08,180.56
ORD002293,CUST00046,2023-09-08,118.02
ORD004432,CUST00522,2023-09-08,54.51
ORD004888,CUST00544,2023-09-09,8.21
ORD000164,CUST00103,2023-09-09,717.53
ORD001287,CUST00749,2023-09-09,340.84
ORD003682,CUST00331,2023-09-09,160.27
ORD000361,CUST00520,2023-09-09,479.28
ORD005438,CUST00607,2023-09-09,35.53
ORD004963,CUST00699,2023-09-09,110.75
ORD001375,CUST00186,2023-09-10,141.6
ORD000676,CUST00181,2023-09-10,334.28
ORD003518,CUST00745,2023-09-10,15.73
ORD000100,CUST00957,2023-09-10,250.04
ORD000166,CUST00856,2023-09-10,180.56
ORD005013,CUST00376,2023-09-11,336.91
ORD003863,CUST00422,2023-09-11,442.47
ORD004019,CUST00447,2023-09-11,110.75
ORD000445,CUST00852,2023-09-11,51.96
ORD005001,CUST00322,2023-09-11,553.59
ORD001035,CUST00535,2023-09-11,336.91
ORD002463,CUST00846,2023-09-12,157.95
ORD000152,CUST00577,2023-09-12,62.55
ORD003197,CUST00816,2023-09-12,154.27
ORD003569,CUST00173,2023-09-12,34.17
ORD003312,CUST00510,2023-09-12,221.61
ORD002194,CUST00491,2023-09-12,92.38
ORD004068,CUST00206,2023-09-12,574.1
ORD002669,CUST00468,2023-09-13,9.64
ORD002837,CUST00675,2023-09-13,240.9
ORD003505,CUST00113,2023-09-13,524.98
ORD002708,CUST00645,2023-09-13,1018.28
ORD004330,CUST00297,2023-09-13,27.26
ORD002737,CUST00499,2023-09-13,23.17
ORD004800,CUST00745,2023-09-14,430.94
ORD003025,CUST00055,2023-09-14,7.39
ORD000380,CUST00755,2023-09-14,16.53
ORD004717,CUST00409,2023-09-14,30.33
ORD002400,CUST00607,2023-09-14,55.06
ORD004825,CUST00228,2023-09-14,14.78
ORD002085,CUST00580,2023-09-14,276.81
ORD005180,CUST00355,2023-09-15,97.24
ORD003876,CUST00645,2023-09-15,93.62
ORD001023,CUST00280,2023-09-15,34.46
ORD003105,CUST00995,2023-09-15,8.21
ORD002825,CUST00577,2023-09-15,24.63
ORD000246,CUST00984,2023-09-15,24.53
ORD000087,CUST00817,2023-09-15,195.86
ORD005188,CUST00471,2023-09-15,951.48
ORD005944,CUST00447,2023-09-16,83.66
ORD000081,CUST00955,2023-09-16,83.6
ORD000365,CUST00275,2023-09-16,72.11
ORD004297,CUST00721,2023-09-16,8.02
ORD000263,CUST00518,2023-09-16,16.61
ORD000932,CUST00879,2023-09-16,246.82
ORD003878,CUST00130,2023-09-16,292.39
ORD000799,CUST00221,2023-09-17,131.13
ORD002834,CUST00359,2023-09-17,21.99
ORD000729,CUST00228,2023-09-17,399.75
ORD000508,CUST00068,2023-09-17,54.51
ORD005237,CUST00603,2023-09-17,37.62
ORD001895,CUST00956,2023-09-18,37.62
ORD005942,CUST00784,2023-09-18,117.29
ORD002637,CUST00374,2023-09-18,320.06
ORD001237,CUST00093,2023-09-18,21.99
ORD001553,CUST00195,2023-09-18,207.44
ORD005827,CUST00032,2023-09-18,783.13
ORD000575,CUST00816,2023-09-19,189.43
ORD004013,CUST00096,2023-09-19,226.07
ORD001927,CUST00045,2023-09-19,31.46
ORD004596,CUST00338,2023-09-19,106.96
ORD004110,CUST00917,2023-09-19,31.72
ORD003053,CUST00132,2023-09-19,37.15
ORD002763,CUST00008,2023-09-19,50.47
ORD000314,CUST00158,2023-09-19,487.23
ORD003519,CUST00246,2023-09-19,674.71
ORD001263,CUST00086,2023-09-19,17.48
ORD000745,CUST00078,2023-09-20,115.32
ORD001987,CUST00649,2023-09-20,388.56
ORD003959,CUST00687,2023-09-20,8.02
ORD000398,CUST00939,2023-09-20,356.04
ORD005310,CUST00632,2023-09-20,663.73
ORD003297,CUST00728,2023-09-20,24.53
ORD000338,CUST00965,2023-09-20,86.71
ORD002184,CUST00052,2023-09-21,384.26
ORD004092,CUST00693,2023-09-21,186.88
ORD000546,CUST00338,2023-09-21,111.43
ORD004187,CUST00579,2023-09-21,105.56
ORD002507,CUST00711,2023-09-21,180.56
ORD002336,CUST00711,2023-09-22,5.8
ORD004213,CUST00686,2023-09-22,44.16
ORD005069,CUST00974,2023-09-22,78.39
ORD002623,CUST00837,2023-09-22,307.63
ORD000273,CUST00879,2023-09-22,54.51
ORD000670,CUST00487,2023-09-22,83.6
ORD004299,CUST00596,2023-09-23,54.92
ORD005182,CUST00974,2023-09-23,152.27
ORD001843,CUST00405,2023-09-23,94.14
ORD003351,CUST00771,2023-09-23,511.16
ORD003042,CUST00774,2023-09-23,141.06
ORD003054,CUST00234,2023-09-23,24.53
ORD001253,CUST00887,2023-09-23,51.1
ORD000559,CUST00045,2023-09-23,97.24
ORD002487,CUST00068,2023-09-23,35.53
ORD005303,CUST00435,2023-09-23,510.64
ORD005899,CUST00619,2023-09-24,851.02
ORD000356,CUST00537,2023-09-24,421.8
ORD000794,CUST00616,2023-09-24,110.23
ORD001654,CUST00934,2023-09-24,129.99
ORD004305,CUST00860,2023-09-24,807.72
ORD000837,CUST00628,2023-09-24,248.41
ORD003815,CUST00645,2023-09-24,234.58
ORD002800,CUST00811,2023-09-24,465.79
ORD003303,CUST00290,2023-09-24,78.68
ORD004331,CUST00964,2023-09-24,240.9
ORD001517,CUST00976,2023-09-25,54.51
ORD004594,CUST00103,2023-09-25,76.6
ORD001058,CUST00123,2023-09-25,229.85
ORD002329,CUST00448,2023-09-25,306.11
ORD000185,CUST00857,2023-09-25,131.13
ORD004295,CUST00207,2023-09-25,450.18
ORD004136,CUST00903,2023-09-25,78.72
ORD000809,CUST00389,2023-09-25,357.76
ORD003696,CUST00076,2023-09-26,22.08
ORD003499,CUST00711,2023-09-26,44.47
ORD003095,CUST00199,2023-09-26,17.48
ORD001730,CUST00548,2023-09-26,63.96
ORD001115,CUST00667,2023-09-26,80.13
ORD005011,CUST00326,2023-09-27,13.4
ORD000715,CUST00562,2023-09-27,24.53
ORD002975,CUST00879,2023-09-27,46.9
ORD005659,CUST00163,2023-09-27,151.77
ORD000909,CUST00032,2023-09-27,189.28
ORD000669,CUST00482,2023-09-27,117.29
ORD001008,CUST00710,2023-09-27,16.04
ORD003034,CUST00171,2023-09-27,214.32
ORD000804,CUST00980,2023-09-27,46.81
ORD005019,CUST00468,2023-09-27,352.11
ORD004434,CUST00686,2023-09-27,775.11
ORD002034,CUST00427,2023-09-28,39.35
ORD000089,CUST00555,2023-09-28,265.63
ORD001718,CUST00367,2023-09-28,118.28
ORD002870,CUST00461,2023-09-28,180.56
ORD005692,CUST00750,2023-09-28,41.8
ORD002418,CUST00758,2023-09-28,90.52
ORD005837,CUST00057,2023-09-28,284.12
ORD002951,CUST00716,2023-09-28,132.87
ORD000196,CUST00650,2023-09-28,103.86
ORD001597,CUST00671,2023-09-29,276.73
ORD001441,CUST00719,2023-09-29,352.88
ORD000294,CUST00136,2023-09-29,146.6
ORD003260,CUST00784,2023-09-29,27.26
ORD005906,CUST00895,2023-09-29,5.8
ORD005994,CUST00563,2023-09-29,5.51
ORD004569,CUST00379,2023-09-30,439.58
ORD003146,CUST00765,2023-09-30,291.84
ORD004577,CUST00544,2023-09-30,89.13
ORD005366,CUST00579,2023-09-30,87.52
ORD002983,CUST00195,2023-09-30,210.58
ORD004388,CUST00569,2023-09-30,274.64
ORD000995,CUST00359,2023-09-30,19.62
ORD005802,CUST00964,2023-10-01,14.01
ORD004059,CUST00519,2023-10-01,593.46
ORD000486,CUST00657,2023-10-01,691.78
ORD001573,CUST00749,2023-10-01,22.08
ORD001201,CUST00816,2023-10-01,266.56
ORD003938,CUST00860,2023-10-01,316.64
ORD005516,CUST00866,2023-10-01,226.72
ORD004401,CUST00992,2023-10-01,119.87
ORD000055,CUST00069,2023-10-01,116.77
ORD004696,CUST00728,2023-10-02,27.97
ORD005854,CUST00125,2023-10-02,244.65
ORD003327,CUST00409,2023-10-02,190.67
ORD001325,CUST00084,2023-10-02,229.57
ORD000172,CUST00677,2023-10-02,191.9
ORD005440,CUST00637,2023-10-02,24.53
ORD003662,CUST00546,2023-10-02,215.6
ORD002470,CUST00769,2023-10-03,357.44
ORD004403,CUST00609,2023-10-03,133.41
ORD000098,CUST00525,2023-10-03,145.93
ORD003259,CUST00207,2023-10-03,180.56
ORD005847,CUST00105,2023-10-03,189.27
ORD003156,CUST00870,2023-10-03,769.69
ORD002789,CUST00465,2023-10-03,39.34
ORD004162,CUST00289,2023-10-03,246.27
ORD004324,CUST00204,2023-10-03,4.93
ORD003861,CUST00602,2023-10-03,45.73
ORD001447,CUST00838,2023-10-04,180.56
ORD001416,CUST00853,2023-10-04,87.62
ORD005845,CUST00774,2023-10-04,46.61
ORD003585,CUST00763,2023-10-04,30.31
ORD003012,CUST00775,2023-10-04,47.14
ORD004944,CUST00058,2023-10-04,262.8
ORD001510,CUST00562,2023-10-04,193.73
ORD005230,CUST00737,2023-10-04,189.27
ORD002838,CUST00323,2023-10-04,473.47
ORD004796,CUST00740,2023-10-05,466.72
ORD000970,CUST00965,2023-10-05,44.16
ORD000901,CUST00121,2023-10-05,378.68
ORD004034,CUST00852,2023-10-05,405.76
ORD000059,CUST00893,2023-10-05,22.68
ORD003760,CUST00845,2023-10-05,367.15
ORD001365,CUST00609,2023-10-05,16.42
ORD001827,CUST00254,2023-10-05,69.39
ORD002666,CUST00034,2023-10-05,185.12
ORD000405,CUST00687,2023-10-05,131.13
ORD002537,CUST00884,2023-10-05,46.48
ORD000491,CUST00601,2023-10-05,463.41
ORD003848,CUST00131,2023-10-05,189.48
ORD004273,CUST00249,2023-10-05,243.21
ORD001559,CUST00709,2023-10-05,327.39
ORD005063,CUST00939,2023-10-05,43.71
ORD001703,CUST00648,2023-10-05,22.08
ORD002444,CUST00836,2023-10-05,8.44
ORD005739,CUST00887,2023-10-06,334.09
ORD001428,CUST00150,2023-10-06,389.12
ORD003793,CUST00852,2023-10-06,320.06
ORD002087,CUST00840,2023-10-06,268.08
ORD003554,CUST00111,2023-10-06,51.78
ORD003141,CUST00787,2023-10-06,394.17
ORD005423,CUST00208,2023-10-06,33.44
ORD002173,CUST00833,2023-10-07,411.66
ORD003360,CUST00306,2023-10-07,283.41
ORD003326,CUST00958,2023-10-07,537.78
ORD001470,CUST00742,2023-10-07,404.82
ORD005426,CUST00640,2023-10-07,34.97
ORD001955,CUST00134,2023-10-07,7.8
ORD002244,CUST00034,2023-10-07,37.18
ORD002262,CUST00448,2023-10-07,20.99
ORD004503,CUST00769,2023-10-07,283.2
ORD000293,CUST00414,2023-10-08,81.77
ORD005124,CUST00192,2023-10-08,155.34
ORD000856,CUST00349,2023-10-08,151.43
ORD004563,CUST00947,2023-10-08,694.68
ORD003476,CUST00948,2023-10-09,270.36
ORD003049,CUST00578,2023-10-09,33.44
ORD002966,CUST00091,2023-10-09,194.27
ORD004370,CUST00994,2023-10-09,291.72
ORD002322,CUST00412,2023-10-09,44.16
ORD001303,CUST00558,2023-10-09,10.77
ORD002512,CUST00009,2023-10-09,5.8
ORD005579,CUST00059,2023-10-09,8.44
ORD000985,CUST00440,2023-10-09,606.44
ORD001820,CUST00063,2023-10-09,41.83
ORD004400,CUST00279,2023-10-10,73.59
ORD004567,CUST00502,2023-10-10,39.79
ORD002841,CUST00748,2023-10-10,5.8
ORD004062,CUST00582,2023-10-10,673.82
ORD000738,CUST00171,2023-10-10,71.98
ORD001823,CUST00798,2023-10-10,8.21
ORD003410,CUST00198,2023-10-10,120.54
ORD004301,CUST00046,2023-10-10,140.43
ORD002223,CUST00980,2023-10-10,35.53
ORD000782,CUST00657,2023-10-10,111.43
ORD001314,CUST00852,2023-10-11,47.6
ORD002959,CUST00780,2023-10-11,39.71
ORD002206,CUST00507,2023-10-11,209.67
ORD002822,CUST00744,2023-10-11,150.87
ORD005819,CUST00657,2023-10-11,269.93
ORD003308,CUST00378,2023-10-11,68.8
ORD000160,CUST00994,2023-10-11,39.79
ORD003162,CUST00288,2023-10-11,620.32
ORD005076,CUST00774,2023-10-11,63.09
ORD000281,CUST00081,2023-10-11,198.56
ORD001898,CUST00492,2023-10-12,174.03
ORD000269,CUST00324,2023-10-12,193.55
ORD000980,CUST00601,2023-10-12,342.4
ORD001383,CUST00025,2023-10-12,186.88
ORD000885,CUST00383,2023-10-12,63.51
ORD004868,CUST00160,2023-10-12,209.68
ORD005998,CUST00310,2023-10-12,83.05
ORD000718,CUST00257,2023-10-13,1065.36
ORD000519,CUST00647,2023-10-13,154.21
ORD003157,CUST00048,2023-10-13,16.42
ORD001354,CUST00596,2023-10-13,73.59
ORD003250,CUST00717,2023-10-13,69.99
ORD001505,CUST00068,2023-10-13,34.52
ORD002036,CUST00065,2023-10-13,31.91
ORD002197,CUST00381,2023-10-13,23.3
ORD001673,CUST00116,2023-10-13,78.46
ORD002627,CUST00150,2023-10-13,41.52
ORD000321,CUST00742,2023-10-13,233.01
ORD001865,CUST00048,2023-10-13,27.26
ORD001235,CUST00041,2023-10-14,312.36
ORD003791,CUST00687,2023-10-14,136.09
ORD000666,CUST00706,2023-10-14,38.34
ORD003909,CUST00790,2023-10-14,34.02
ORD004384,CUST00781,2023-10-14,7.8
ORD004732,CUST00374,2023-10-14,209.0
ORD005453,CUST00952,2023-10-14,198.65
ORD000975,CUST00186,2023-10-15,110.75
ORD001688,CUST00824,2023-10-15,31.91
ORD002318,CUST00530,2023-10-15,21.55
ORD001825,CUST00619,2023-10-15,8.21
ORD005079,CUST00179,2023-10-15,77.79
ORD000755,CUST00933,2023-10-15,122.32
ORD004754,CUST00324,2023-10-15,24.53
ORD005422,CUST00650,2023-10-15,566.82
ORD000957,CUST00367,2023-10-15,126.18
ORD003496,CUST00374,2023-10-16,114.12
ORD005936,CUST00671,2023-10-16,355.07
ORD005726,CUST00808,2023-10-16,385.97
ORD000272,CUST00290,2023-10-16,453.46
ORD001651,CUST00448,2023-10-16,41.8
ORD004593,CUST00107,2023-10-16,135.82
ORD002047,CUST00775,2023-10-17,303.41
ORD005618,CUST00526,2023-10-17,42.13
ORD003368,CUST00737,2023-10-17,298.7
ORD002044,CUST00852,2023-10-17,22.79
ORD002358,CUST00588,2023-10-17,207.46
ORD004352,CUST00399,2023-10-17,103.91
ORD005257,CUST00172,2023-10-17,194.48
ORD002577,CUST00648,2023-10-17,22.41
ORD003560,CUST00964,2023-10-17,27.26
ORD000822,CUST00448,2023-10-18,159.09
ORD002018,CUST00901,2023-10-18,422.22
ORD005683,CUST00902,2023-10-18,135.38
ORD003211,CUST00262,2023-10-18,489.14
ORD003151,CUST00389,2023-10-18,352.64
ORD003887,CUST00432,2023-10-18,538.48
ORD002984,CUST00751,2023-10-18,201.22
ORD001534,CUST00579,2023-10-18,73.43
ORD004333,CUST00984,2023-10-18,37.62
ORD005060,CUST00645,2023-10-18,260.77
ORD002773,CUST00408,2023-10-18,510.14
ORD001720,CUST00015,2023-10-18,755.02
ORD003216,CUST00259,2023-10-18,8.21
ORD004485,CUST00531,2023-10-18,427.46
ORD001906,CUST00358,2023-10-19,39.34
ORD000727,CUST00984,2023-10-19,222.58
ORD002307,CUST00008,2023-10-19,54.51
ORD000404,CUST00537,2023-10-19,117.29
ORD005314,CUST00448,2023-10-19,135.96
ORD003048,CUST00034,2023-10-19,523.79
ORD003003,CUST00992,2023-10-19,7.6
ORD001108,CUST00749,2023-10-19,103.17
ORD004116,CUST00544,2023-10-19,1128.02
ORD001737,CUST00588,2023-10-19,31.38
ORD001885,CUST00375,2023-10-20,180.56
ORD003301,CUST00366,2023-10-20,61.28
ORD003292,CUST00114,2023-10-20,7.8
ORD005509,CUST00024,2023-10-20,93.62
ORD005518,CUST00988,2023-10-20,108.01
ORD000739,CUST00650,2023-10-20,316.71
ORD001119,CUST00721,2023-10-20,171.05
ORD002871,CUST00947,2023-10-20,418.02
ORD001089,CUST00431,2023-10-20,41.8
ORD004362,CUST00994,2023-10-20,106.7
ORD000850,CUST00638,2023-10-20,161.45
ORD000340,CUST00069,2023-10-21,627.08
ORD004943,CUST00739,2023-10-21,53.63
ORD000922,CUST00546,2023-10-21,41.8
ORD001070,CUST00046,2023-10-21,441.95
ORD001672,CUST00369,2023-10-21,165.15
ORD002267,CUST00780,2023-10-21,186.88
ORD002653,CUST00063,2023-10-21,46.81
ORD003347,CUST00530,2023-10-21,413.65
ORD002693,CUST00168,2023-10-21,41.8
ORD003632,CUST00957,2023-10-21,8.44
ORD003184,CUST00032,2023-10-22,262.89
ORD001443,CUST00837,2023-10-22,110.75
ORD000176,CUST00671,2023-10-22,29.57
ORD004339,CUST00671,2023-10-22,50.47
ORD001226,CUST00212,2023-10-22,630.35
ORD001367,CUST00323,2023-10-22,12.95
ORD005117,CUST00755,2023-10-22,177.54
ORD003917,CUST00440,2023-10-22,581.17
ORD002313,CUST00008,2023-10-22,61.99
ORD001164,CUST00770,2023-10-23,88.02
ORD004559,CUST00044,2023-10-23,391.24
ORD003079,CUST00650,2023-10-23,584.22
ORD002982,CUST00242,2023-10-23,5.51
ORD003987,CUST00755,2023-10-23,92.38
ORD000569,CUST00553,2023-10-23,162.59
ORD005007,CUST00577,2023-10-23,519.13
ORD005203,CUST00405,2023-10-23,177.96
ORD004350,CUST00559,2023-10-23,70.97
ORD004473,CUST00879,2023-10-23,227.98
ORD005368,CUST00164,2023-10-23,41.8
ORD001977,CUST00581,2023-10-23,688.98
ORD005483,CUST00618,2023-10-23,389.95
ORD000082,CUST00168,2023-10-23,82.65
ORD000058,CUST00480,2023-10-23,131.33
ORD005502,CUST00562,2023-10-24,692.27
ORD004428,CUST00237,2023-10-24,623.18
ORD003015,CUST00770,2023-10-24,118.96
ORD003501,CUST00176,2023-10-24,53.63
ORD001984,CUST00658,2023-10-24,326.69
ORD004057,CUST00670,2023-10-25,46.81
ORD002209,CUST00156,2023-10-25,14.86
ORD004479,CUST00352,2023-10-25,79.93
ORD003442,CUST00354,2023-10-25,335.75
ORD001420,CUST00358,2023-10-25,5.51
ORD001681,CUST00925,2023-10-25,353.18
ORD005356,CUST00310,2023-10-25,23.3
ORD005086,CUST00202,2023-10-25,149.16
ORD004218,CUST00198,2023-10-25,97.24
ORD004497,CUST00439,2023-10-25,39.71
ORD000931,CUST00113,2023-10-25,162.62
ORD000238,CUST00113,2023-10-26,416.42
ORD000918,CUST00194,2023-10-26,31.46
ORD004899,CUST00369,2023-10-26,346.0
ORD002115,CUST00032,2023-10-26,14.86
ORD005696,CUST00601,2023-10-26,111.43
ORD001633,CUST00206,2023-10-26,95.64
ORD002779,CUST00912,2023-10-26,283.41
ORD000532,CUST00732,2023-10-27,121.12
ORD003993,CUST00771,2023-10-27,105.62
ORD002752,CUST00939,2023-10-27,71.01
ORD000991,CUST00432,2023-10-27,46.48
ORD004856,CUST00375,2023-10-27,899.29
ORD002704,CUST00048,2023-10-27,486.79
ORD001746,CUST00607,2023-10-27,39.76
ORD001563,CUST00228,2023-10-27,186.88
ORD001867,CUST00742,2023-10-27,90.94
ORD004590,CUST00837,2023-10-27,25.9
ORD005433,CUST00711,2023-10-27,53.9
ORD001599,CUST00310,2023-10-27,548.32
ORD002078,CUST00829,2023-10-27,30.75
ORD000898,CUST00781,2023-10-27,202.11
ORD005102,CUST00526,2023-10-28,43.71
ORD002328,CUST00207,2023-10-28,124.07
ORD000698,CUST00852,2023-10-28,549.04
ORD000758,CUST00467,2023-10-28,69.47
ORD003338,CUST00493,2023-10-28,294.89
ORD002456,CUST00421,2023-10-28,640.13
ORD001160,CUST00531,2023-10-28,14.58
ORD005871,CUST00096,2023-10-28,180.84
ORD004203,CUST00940,2023-10-28,5.8
ORD004568,CUST00181,2023-10-28,28.64
ORD003167,CUST00722,2023-10-28,31.91
ORD001726,CUST00096,2023-10-28,65.98
ORD002974,CUST00530,2023-10-29,336.91
ORD000065,CUST00526,2023-10-29,102.32
ORD004894,CUST00697,2023-10-29,51.21
ORD002862,CUST00947,2023-10-29,5.51
ORD002221,CUST00466,2023-10-29,358.72
ORD003091,CUST00758,2023-10-29,352.64
ORD002435,CUST00764,2023-10-30,133.41
ORD002234,CUST00968,2023-10-30,180.56
ORD000099,CUST00331,2023-10-30,73.6
ORD001692,CUST00376,2023-10-30,234.58
ORD000539,CUST00738,2023-10-30,168.46
ORD003738,CUST00491,2023-10-30,82.76
ORD000618,CUST00745,2023-10-30,336.91
ORD002421,CUST00184,2023-10-30,628.19
ORD003291,CUST00732,2023-10-30,401.02
ORD000734,CUST00622,2023-10-30,336.91
ORD001464,CUST00833,2023-10-30,9.64
ORD002656,CUST00705,2023-10-30,33.44
ORD004954,CUST00355,2023-10-31,84.26
ORD003110,CUST00334,2023-10-31,106.75
ORD005387,CUST00946,2023-10-31,269.22
ORD003394,CUST00372,2023-10-31,83.6
ORD003241,CUST00581,2023-10-31,214.53
ORD001757,CUST00446,2023-10-31,31.91
ORD003605,CUST00795,2023-10-31,159.85
ORD005730,CUST00435,2023-10-31,190.06
ORD000997,CUST00983,2023-10-31,82.65
ORD004467,CUST00339,2023-10-31,572.84
ORD003976,CUST00802,2023-11-01,151.18
ORD002308,CUST00206,2023-11-01,43.71
ORD003746,CUST00833,2023-11-01,11.6
ORD002101,CUST00353,2023-11-01,128.56
ORD004186,CUST00319,2023-11-01,515.79
ORD000026,CUST00068,2023-11-01,182.4
ORD005373,CUST00860,2023-11-01,226.73
ORD002890,CUST00719,2023-11-01,449.8
ORD005194,CUST00399,2023-11-01,910.96
ORD003245,CUST00520,2023-11-01,19.81
ORD001020,CUST00947,2023-11-02,47.1
ORD003859,CUST00366,2023-11-02,373.76
ORD005446,CUST00334,2023-11-02,41.8
ORD004025,CUST00859,2023-11-02,31.28
ORD002086,CUST00674,2023-11-02,37.15
ORD002889,CUST00156,2023-11-02,839.46
ORD000433,CUST00751,2023-11-02,111.88
ORD000036,CUST00307,2023-11-02,10.21
ORD002499,CUST00670,2023-11-03,255.07
ORD002514,CUST00760,2023-11-03,20.84
ORD005905,CUST00673,2023-11-03,86.06
ORD004107,CUST00195,2023-11-03,469.26
ORD002886,CUST00992,2023-11-03,22.79
ORD000866,CUST00200,2023-11-03,171.05
ORD003179,CUST00537,2023-11-03,38.03
ORD002315,CUST00833,2023-11-04,177.61
ORD001075,CUST00275,2023-11-04,383.88
ORD001370,CUST00051,2023-11-04,431.26
ORD003810,CUST00375,2023-11-04,21.99
ORD000424,CUST00048,2023-11-04,186.88
ORD002280,CUST00762,2023-11-04,234.58
ORD000725,CUST00525,2023-11-04,41.8
ORD001583,CUST00298,2023-11-04,51.78
ORD004114,CUST00043,2023-11-04,717.53
ORD004453,CUST00446,2023-11-04,111.36
ORD000707,CUST00607,2023-11-04,382.62
ORD001611,CUST00279,2023-11-05,129.03
ORD004459,CUST00763,2023-11-05,361.31
ORD005112,CUST00941,2023-11-05,46.48
ORD003950,CUST00434,2023-11-05,713.17
ORD002289,CUST00537,2023-11-05,108.58
ORD000935,CUST00253,2023-11-05,43.98
ORD005478,CUST00455,2023-11-06,102.35
ORD003502,CUST00170,2023-11-06,47.92
ORD001784,CUST00371,2023-11-06,240.9
ORD005232,CUST00183,2023-11-06,292.24
ORD002096,CUST00727,2023-11-06,15.19
ORD004067,CUST00096,2023-11-07,16.61
ORD001320,CUST00468,2023-11-07,43.71
ORD004278,CUST00596,2023-11-07,186.88
ORD001836,CUST00206,2023-11-07,397.37
ORD004378,CUST00442,2023-11-07,271.11
ORD002588,CUST00147,2023-11-07,673.82
ORD003357,CUST00358,2023-11-08,54.25
ORD003593,CUST00484,2023-11-08,205.9
ORD002461,CUST00319,2023-11-08,24.03
ORD005949,CUST00525,2023-11-08,205.79
ORD000586,CUST00098,2023-11-08,27.26
ORD001185,CUST00902,2023-11-08,488.16
ORD000310,CUST00016,2023-11-08,334.2
ORD001656,CUST00697,2023-11-08,176.76
ORD005240,CUST00804,2023-11-08,66.86
ORD003379,CUST00289,2023-11-08,344.05
ORD001997,CUST00045,2023-11-09,427.13
ORD002900,CUST00669,2023-11-09,7.8
ORD003611,CUST00491,2023-11-09,337.7
ORD004697,CUST00817,2023-11-09,304.46
ORD002174,CUST00399,2023-11-09,571.62
ORD003799,CUST00580,2023-11-09,95.73
ORD003463,CUST00833,2023-11-09,766.17
ORD005469,CUST00544,2023-11-09,387.38
ORD005745,CUST00957,2023-11-09,35.06
ORD004721,CUST00444,2023-11-10,336.91
ORD003994,CUST00225,2023-11-10,116.44
ORD003565,CUST00964,2023-11-10,76.9
ORD004269,CUST00790,2023-11-10,90.94
ORD004670,CUST00026,2023-11-10,283.41
ORD005923,CUST00244,2023-11-10,8.44
ORD000863,CUST00781,2023-11-10,41.52
ORD003965,CUST00769,2023-11-10,508.34
ORD005043,CUST00253,2023-11-11,265.8
ORD000687,CUST00150,2023-11-11,1010.73
ORD001710,CUST00682,2023-11-11,266.67
ORD004484,CUST00856,2023-11-11,291.85
ORD004348,CUST00438,2023-11-11,43.18
ORD005815,CUST00769,2023-11-11,154.46
ORD002582,CUST00353,2023-11-11,358.41
ORD000083,CUST00579,2023-11-11,67.65
ORD003143,CUST00829,2023-11-12,204.92
ORD001775,CUST00215,2023-11-12,139.44
ORD002609,CUST00769,2023-11-12,8.21
ORD003101,CUST00376,2023-11-13,8.21
ORD005363,CUST00954,2023-11-13,133.24
ORD002650,CUST00310,2023-11-13,359.71
ORD005364,CUST00844,2023-11-13,99.23
ORD003004,CUST00193,2023-11-13,527.24
ORD005913,CUST00495,2023-11-13,69.94
ORD004036,CUST00089,2023-11-13,8.44
ORD005842,CUST00817,2023-11-13,592.32
ORD002476,CUST00929,2023-11-14,34.96
ORD003406,CUST00031,2023-11-14,347.98
ORD004126,CUST00294,2023-11-14,14.86
ORD003699,CUST00682,2023-11-14,19.55
ORD003266,CUST00248,2023-11-14,614.18
ORD005360,CUST00674,2023-11-14,199.43
ORD005602,CUST00635,2023-11-14,37.18
ORD004901,CUST00561,2023-11-14,244.29
ORD004398,CUST00035,2023-11-14,23.15
ORD003716,CUST00354,2023-11-15,79.25
ORD001957,CUST00719,2023-11-15,178.47
ORD002316,CUST00280,2023-11-15,377.17
ORD005391,CUST00081,2023-11-15,584.0
ORD004253,CUST00686,2023-11-15,109.02
ORD002858,CUST00334,2023-11-15,192.7
ORD000843,CUST00135,2023-11-15,46.48
ORD000300,CUST00886,2023-11-15,599.44
ORD003246,CUST00294,2023-11-16,179.61
ORD005785,CUST00041,2023-11-16,55.21
ORD001723,CUST00170,2023-11-16,21.99
ORD000686,CUST00755,2023-11-16,435.96
ORD002906,CUST00979,2023-11-16,117.29
ORD004872,CUST00226,2023-11-16,291.85
ORD003818,CUST00682,2023-11-16,108.39
ORD004414,CUST00063,2023-11-16,142.54
ORD001824,CUST00399,2023-11-16,425.22
ORD005411,CUST00721,2023-11-16,59.28
ORD002926,CUST00450,2023-11-17,29.91
ORD002383,CUST00523,2023-11-17,163.77
ORD005594,CUST00667,2023-11-17,291.72
ORD003854,CUST00787,2023-11-17,36.1
ORD004464,CUST00798,2023-11-17,283.41
ORD002430,CUST00435,2023-11-17,28.72
ORD004830,CUST00724,2023-11-17,21.55
ORD005830,CUST00318,2023-11-17,745.32
ORD003576,CUST00480,2023-11-17,23.15
ORD000408,CUST00017,2023-11-17,46.81
ORD005700,CUST00687,2023-11-17,255.07
ORD002454,CUST00333,2023-11-18,337.39
ORD002562,CUST00815,2023-11-18,104.64
ORD000501,CUST00792,2023-11-18,482.06
ORD000520,CUST00853,2023-11-18,82.77
ORD003591,CUST00302,2023-11-18,1610.87
ORD001613,CUST00876,2023-11-18,49.65
ORD000869,CUST00421,2023-11-18,157.0
ORD005928,CUST00614,2023-11-18,269.24
ORD002369,CUST00149,2023-11-19,135.94
ORD001674,CUST00063,2023-11-19,30.31
ORD005834,CUST00596,2023-11-19,95.73
ORD003616,CUST00681,2023-11-19,303.22
ORD004604,CUST00130,2023-11-19,161.94
ORD004097,CUST00291,2023-11-19,546.34
ORD000941,CUST00909,2023-11-19,624.89
ORD001695,CUST00184,2023-11-19,49.51
ORD000130,CUST00114,2023-11-19,71.13
ORD005608,CUST00164,2023-11-19,17.48
ORD005028,CUST00756,2023-11-19,21.99
ORD004651,CUST00096,2023-11-19,75.24
ORD000107,CUST00490,2023-11-19,863.88
ORD002451,CUST00103,2023-11-19,318.94
ORD003981,CUST00542,2023-11-20,1417.34
ORD003599,CUST00660,2023-11-20,385.1
ORD002929,CUST00371,2023-11-20,316.05
ORD002168,CUST00851,2023-11-20,580.18
ORD003370,CUST00866,2023-11-20,161.55
ORD004931,CUST00502,2023-11-20,528.7
ORD000465,CUST00663,2023-11-20,47.6
ORD003182,CUST00739,2023-11-20,83.05
ORD004945,CUST00192,2023-11-20,103.57
ORD002552,CUST00206,2023-11-20,610.59
ORD001596,CUST00044,2023-11-20,65.31
ORD001047,CUST00739,2023-11-20,93.62
ORD002415,CUST00225,2023-11-20,28.72
ORD003907,CUST00603,2023-11-20,706.48
ORD001697,CUST00025,2023-11-21,117.29
ORD004251,CUST00555,2023-11-21,170.43
ORD004184,CUST00454,2023-11-21,607.45
ORD001593,CUST00852,2023-11-21,260.19
ORD000585,CUST00208,2023-11-21,92.38
ORD002343,CUST00479,2023-11-21,77.66
ORD005224,CUST00507,2023-11-21,146.3
ORD001135,CUST00927,2023-11-21,55.1
ORD005763,CUST00029,2023-11-21,65.94
ORD005967,CUST00683,2023-11-21,87.52
ORD004061,CUST00902,2023-11-21,98.12
ORD005832,CUST00216,2023-11-21,434.15
ORD004776,CUST00697,2023-11-21,55.05
ORD004272,CUST00943,2023-11-22,203.24
ORD003553,CUST00139,2023-11-22,208.97
ORD004489,CUST00248,2023-11-22,182.17
ORD004663,CUST00519,2023-11-22,109.02
ORD000568,CUST00184,2023-11-22,37.62
ORD005104,CUST00686,2023-11-23,151.99
ORD002683,CUST00552,2023-11-23,226.73
ORD003742,CUST00372,2023-11-23,106.42
ORD001579,CUST00371,2023-11-23,817.02
ORD000394,CUST00876,2023-11-23,11.02
ORD003282,CUST00314,2023-11-24,106.51
ORD000576,CUST00253,2023-11-24,245.92
ORD004975,CUST00983,2023-11-24,117.61
ORD004207,CUST00912,2023-11-24,1365.14
ORD003508,CUST00105,2023-11-24,169.99
ORD005434,CUST00793,2023-11-24,411.07
ORD004607,CUST00250,2023-11-25,158.85
ORD002788,CUST00296,2023-11-25,146.62
ORD001194,CUST00844,2023-11-25,211.12
ORD005080,CUST00393,2023-11-25,194.48
ORD000771,CUST00697,2023-11-25,959.94
ORD002571,CUST00354,2023-11-25,256.26
ORD003428,CUST00993,2023-11-25,92.38
ORD003261,CUST00551,2023-11-25,51.78
ORD002564,CUST00701,2023-11-26,71.3
ORD001926,CUST00668,2023-11-26,261.74
ORD001141,CUST00686,2023-11-26,660.95
ORD000285,CUST00119,2023-11-26,133.92
ORD005458,CUST00758,2023-11-26,216.62
ORD004460,CUST00049,2023-11-26,60.63
ORD004644,CUST00054,2023-11-26,292.69
ORD005319,CUST00544,2023-11-27,222.41
ORD005688,CUST00334,2023-11-27,54.54
ORD005646,CUST00553,2023-11-27,307.25
ORD000810,CUST00336,2023-11-27,41.83
ORD002848,CUST00373,2023-11-27,182.83
ORD001071,CUST00756,2023-11-27,281.9
ORD005205,CUST00313,2023-11-27,86.74
ORD005176,CUST00395,2023-11-27,688.51
ORD001109,CUST00726,2023-11-27,171.05
ORD002040,CUST00770,2023-11-27,80.49
ORD002306,CUST00811,2023-11-27,44.16
ORD003832,CUST00525,2023-11-28,268.35
ORD002453,CUST00758,2023-11-28,119.87
ORD003625,CUST00994,2023-11-28,39.79
ORD000825,CUST00682,2023-11-28,9.28
ORD002853,CUST00645,2023-11-28,49.06
ORD005675,CUST00866,2023-11-28,244.18
ORD005012,CUST00495,2023-11-28,293.62
ORD004515,CUST00284,2023-11-28,101.67
ORD001547,CUST00993,2023-11-28,1340.76
ORD005824,CUST00339,2023-11-28,233.69
ORD005245,CUST00048,2023-11-28,245.91
ORD000844,CUST00055,2023-11-29,653.8
ORD005020,CUST00749,2023-11-29,103.57
ORD004691,CUST00421,2023-11-29,238.25
ORD004147,CUST00302,2023-11-29,20.85
ORD005475,CUST00484,2023-11-29,81.78
ORD003084,CUST00048,2023-11-29,422.27
ORD002663,CUST00063,2023-11-30,52.61
ORD000025,CUST00535,2023-11-30,21.55
ORD004574,CUST00793,2023-11-30,231.39
ORD004206,CUST00710,2023-11-30,54.51
ORD005081,CUST00940,2023-11-30,336.91
ORD004658,CUST00634,2023-11-30,203.3
ORD004410,CUST00024,2023-11-30,23.15
ORD003609,CUST00547,2023-11-30,396.27
ORD003339,CUST00749,2023-11-30,336.91
ORD001347,CUST00437,2023-11-30,125.17
ORD006205,CUST00454,2023-12-01,57.82
ORD003270,CUST00204,2023-12-01,31.91
ORD006166,CUST00359,2023-12-01,129.74
ORD002558,CUST00052,2023-12-01,8.02
ORD000641,CUST00322,2023-12-01,406.85
ORD004985,CUST00435,2023-12-01,46.48
ORD006117,CUST00569,2023-12-01,538.48
ORD006104,CUST00133,2023-12-01,197.32
ORD004971,CUST00522,2023-12-01,566.82
ORD000429,CUST00084,2023-12-01,20.84
ORD006207,CUST00745,2023-12-01,186.88
ORD003137,CUST00371,2023-12-01,360.31
ORD006267,CUST00568,2023-12-01,291.72
ORD002099,CUST00269,2023-12-01,9.86
ORD002105,CUST00308,2023-12-01,161.55
ORD000346,CUST00206,2023-12-01,168.19
ORD004638,CUST00128,2023-12-01,170.2
ORD006222,CUST00462,2023-12-01,371.57
ORD002141,CUST00342,2023-12-01,177.54
ORD005109,CUST00262,2023-12-02,115.57
ORD001224,CUST00446,2023-12-02,38.6
ORD000345,CUST00200,2023-12-02,30.31
ORD001520,CUST00264,2023-12-02,137.5
ORD001132,CUST00322,2023-12-02,373.76
ORD006157,CUST00334,2023-12-02,19.62
ORD005488,CUST00660,2023-12-02,109.02
ORD006074,CUST00947,2023-12-02,418.02
ORD006073,CUST00718,2023-12-02,240.3
ORD004224,CUST00665,2023-12-02,46.81
ORD006171,CUST00176,2023-12-02,124.48
ORD006092,CUST00426,2023-12-02,43.71
ORD002786,CUST00925,2023-12-02,80.97
ORD000175,CUST00431,2023-12-02,44.47
ORD004194,CUST00974,2023-12-02,93.29
ORD006102,CUST00579,2023-12-02,118.08
ORD003029,CUST00871,2023-12-02,122.09
ORD006292,CUST00017,2023-12-03,186.41
ORD004673,CUST00046,2023-12-03,22.68
ORD000460,CUST00468,2023-12-03,286.98
ORD005365,CUST00574,2023-12-03,60.4
ORD006124,CUST00632,2023-12-03,21.99
ORD006012,CUST00867,2023-12-03,380.12
ORD006128,CUST00033,2023-12-03,184.77
ORD006295,CUST00826,2023-12-03,236.54
ORD000945,CUST00264,2023-12-03,470.29
ORD003161,CUST00793,2023-12-03,1044.27
ORD006271,CUST00841,2023-12-03,7.6
ORD002964,CUST00635,2023-12-03,10.21
ORD006059,CUST00756,2023-12-03,114.45
ORD006140,CUST00667,2023-12-03,454.0
ORD000458,CUST00852,2023-12-03,14.86
ORD002437,CUST00686,2023-12-03,163.6
ORD005255,CUST00902,2023-12-03,460.89
ORD004643,CUST00962,2023-12-03,224.27
ORD006120,CUST00851,2023-12-03,438.81
ORD001807,CUST00992,2023-12-03,92.17
ORD006300,CUST00192,2023-12-04,320.06
ORD006151,CUST00451,2023-12-04,42.13
ORD001828,CUST00756,2023-12-04,114.45
ORD006221,CUST00751,2023-12-04,199.7
ORD006111,CUST00063,2023-12-04,322.15
ORD006236,CUST00347,2023-12-04,10.21
ORD006049,CUST00749,2023-12-04,336.91
ORD006178,CUST00241,2023-12-04,680.37
ORD006093,CUST00728,2023-12-04,124.57
ORD006244,CUST00645,2023-12-04,82.65
ORD002488,CUST00821,2023-12-04,379.04
ORD006115,CUST00780,2023-12-04,39.71
ORD004124,CUST00781,2023-12-04,221.5
ORD006161,CUST00640,2023-12-04,131.78
ORD006286,CUST00747,2023-12-04,374.54
ORD000974,CUST00422,2023-12-04,190.33
ORD005486,CUST00160,2023-12-04,54.51
ORD001183,CUST00856,2023-12-04,186.88
ORD006274,CUST00519,2023-12-04,200.71
ORD006280,CUST00115,2023-12-04,152.25
ORD005128,CUST00254,2023-12-04,906.11
ORD001388,CUST00558,2023-12-04,850.23
ORD000343,CUST00484,2023-12-04,216.22
ORD003314,CUST00047,2023-12-04,54.44
ORD006259,CUST00851,2023-12-04,673.82
ORD006246,CUST00190,2023-12-05,49.62
ORD006204,CUST00941,2023-12-05,11.6
ORD005770,CUST00884,2023-12-05,25.32
ORD006177,CUST00635,2023-12-05,251.4
ORD006035,CUST00221,2023-12-05,126.39
ORD006063,CUST00686,2023-12-05,151.99
ORD006097,CUST00120,2023-12-05,5.8
ORD003013,CUST00133,2023-12-05,442.62
ORD006064,CUST00892,2023-12-05,234.58
ORD005600,CUST00339,2023-12-05,227.19
ORD006096,CUST00673,2023-12-05,17.4
ORD001156,CUST00690,2023-12-05,46.48
ORD006019,CUST00852,2023-12-05,197.04
ORD001931,CUST00228,2023-12-05,199.7
ORD006137,CUST00691,2023-12-05,128.34
ORD002478,CUST00177,2023-12-05,5.51
ORD006091,CUST00526,2023-12-05,395.83
ORD002743,CUST00085,2023-12-05,299.81
ORD006087,CUST00835,2023-12-06,408.32
ORD006206,CUST00937,2023-12-06,335.89
ORD001010,CUST00933,2023-12-06,234.58
ORD006058,CUST00943,2023-12-06,344.59
ORD006039,CUST00413,2023-12-06,224.09
ORD004229,CUST00947,2023-12-06,549.45
ORD001948,CUST00368,2023-12-06,100.94
ORD006208,CUST00892,2023-12-06,96.5
ORD003685,CUST00650,2023-12-06,109.02
ORD006182,CUST00179,2023-12-06,281.22
ORD006218,CUST00954,2023-12-06,27.26
ORD006122,CUST00310,2023-12-06,318.71
ORD006107,CUST00563,2023-12-06,359.35
ORD006174,CUST00769,2023-12-06,34.96
ORD006293,CUST00912,2023-12-06,1365.14
ORD000044,CUST00940,2023-12-06,516.22
ORD002857,CUST00339,2023-12-06,59.92
ORD006007,CUST00242,2023-12-06,5.51
ORD000674,CUST00426,2023-12-06,43.71
ORD006298,CUST00305,2023-12-06,117.29
ORD002922,CUST00544,2023-12-06,24.53
ORD005849,CUST00974,2023-12-06,46.34
ORD001868,CUST00056,2023-12-06,190.06
ORD006200,CUST00074,2023-12-07,39.79
ORD006190,CUST00083,2023-12-07,16.04
ORD006082,CUST00943,2023-12-07,203.24
ORD006277,CUST00745,2023-12-07,77.25
ORD006255,CUST00638,2023-12-07,161.45
ORD006196,CUST00711,2023-12-07,44.47
ORD004561,CUST00793,2023-12-07,101.33
ORD005977,CUST00893,2023-12-07,87.42
ORD006202,CUST00425,2023-12-07,22.08
ORD001530,CUST00298,2023-12-07,109.9
ORD001531,CUST00353,2023-12-07,552.2
ORD000514,CUST00714,2023-12-07,523.17
ORD000515,CUST00562,2023-12-07,27.26
ORD006155,CUST00737,2023-12-07,189.27
ORD006220,CUST00939,2023-12-07,43.71
ORD006145,CUST00243,2023-12-07,470.07
ORD000996,CUST00413,2023-12-07,529.11
ORD006258,CUST00181,2023-12-07,514.59
ORD006001,CUST00443,2023-12-07,466.51
ORD003806,CUST00026,2023-12-07,41.8
ORD006105,CUST00480,2023-12-07,428.93
ORD003249,CUST00071,2023-12-07,125.4
ORD006241,CUST00275,2023-12-07,383.88
ORD006098,CUST00530,2023-12-07,303.22
ORD004874,CUST00063,2023-12-08,243.9
ORD002550,CUST00208,2023-12-08,42.66
ORD000438,CUST00270,2023-12-08,85.82
ORD006047,CUST00334,2023-12-08,9.86
ORD005676,CUST00459,2023-12-08,177.12
ORD000366,CUST00086,2023-12-08,72.63
ORD006131,CUST00015,2023-12-08,46.48
ORD006003,CUST00025,2023-12-08,23.17
ORD006112,CUST00716,2023-12-08,44.16
ORD006250,CUST00032,2023-12-08,82.65
ORD006106,CUST00811,2023-12-08,303.22
ORD006186,CUST00580,2023-12-08,139.44
ORD000565,CUST00017,2023-12-08,159.81
ORD004749,CUST00222,2023-12-08,541.72
ORD006253,CUST00599,2023-12-08,10.77
ORD000154,CUST00313,2023-12-09,190.68
ORD006101,CUST00769,2023-12-09,171.05
ORD003626,CUST00804,2023-12-09,24.53
ORD000249,CUST00580,2023-12-09,83.05
ORD002180,CUST00136,2023-12-09,13.43
ORD006256,CUST00401,2023-12-09,23.3
ORD003957,CUST00725,2023-12-09,41.83
ORD004233,CUST00650,2023-12-09,59.81
ORD006133,CUST00585,2023-12-09,388.41
ORD006181,CUST00310,2023-12-09,34.39
ORD006156,CUST00046,2023-12-09,315.64
ORD006278,CUST00490,2023-12-09,13.5
ORD006165,CUST00159,2023-12-09,313.72
ORD006022,CUST00702,2023-12-09,785.25
ORD003908,CUST00851,2023-12-09,27.26
ORD001747,CUST00339,2023-12-09,28.72
ORD006142,CUST00974,2023-12-09,190.06
ORD000889,CUST00915,2023-12-09,284.12
ORD003741,CUST00544,2023-12-09,417.47
ORD001444,CUST00952,2023-12-09,262.46
ORD002940,CUST00535,2023-12-09,41.52
ORD006030,CUST00715,2023-12-10,47.92
ORD006045,CUST00670,2023-12-10,33.21
ORD000389,CUST00527,2023-12-10,294.83
ORD004615,CUST00069,2023-12-10,27.26
ORD006239,CUST00096,2023-12-10,75.24
ORD006076,CUST00096,2023-12-10,226.07
ORD006046,CUST00306,2023-12-10,166.07
ORD003226,CUST00670,2023-12-10,1172.28
ORD006237,CUST00439,2023-12-10,210.42
ORD006247,CUST00745,2023-12-10,87.42
ORD006060,CUST00957,2023-12-10,95.68
ORD006113,CUST00568,2023-12-10,88.6
ORD002227,CUST00009,2023-12-10,62.54
ORD003873,CUST00645,2023-12-10,39.13
ORD006217,CUST00956,2023-12-10,392.28
ORD006053,CUST00250,2023-12-10,158.85
ORD005528,CUST00190,2023-12-10,180.56
ORD001667,CUST00946,2023-12-10,185.02
ORD003867,CUST00915,2023-12-10,233.77
ORD006252,CUST00086,2023-12-10,125.4
ORD002158,CUST00984,2023-12-10,58.15
ORD003324,CUST00044,2023-12-10,22.37
ORD006163,CUST00812,2023-12-10,234.58
ORD004511,CUST00117,2023-12-10,24.53
ORD006268,CUST00917,2023-12-10,710.28
ORD006276,CUST00554,2023-12-10,106.0
ORD006079,CUST00526,2023-12-10,388.69
ORD004465,CUST00574,2023-12-11,81.78
ORD000493,CUST00394,2023-12-11,105.03
ORD003176,CUST00755,2023-12-11,9.64
ORD006213,CUST00645,2023-12-11,339.52
ORD006057,CUST00564,2023-12-11,429.87
ORD006138,CUST00339,2023-12-11,32.97
ORD006031,CUST00675,2023-12-11,240.9
ORD003185,CUST00956,2023-12-11,59.94
ORD006299,CUST00024,2023-12-11,318.94
ORD001204,CUST00071,2023-12-11,117.29
ORD006279,CUST00462,2023-12-11,286.37
ORD006203,CUST00960,2023-12-11,154.12
ORD006296,CUST00228,2023-12-12,59.73
ORD006002,CUST00974,2023-12-12,101.53
ORD006219,CUST00699,2023-12-12,5.51
ORD006017,CUST00638,2023-12-12,43.71
ORD004154,CUST00681,2023-12-12,51.79
ORD006086,CUST00079,2023-12-12,194.48
ORD006114,CUST00228,2023-12-12,213.7
ORD006225,CUST00484,2023-12-12,216.22
ORD006285,CUST00323,2023-12-12,629.91
ORD006004,CUST00820,2023-12-12,139.77
ORD000544,CUST00955,2023-12-12,1052.53
ORD004141,CUST00165,2023-12-12,64.38
ORD001870,CUST00817,2023-12-12,242.56
ORD006265,CUST00645,2023-12-12,39.13
ORD006275,CUST00430,2023-12-12,303.22
ORD006191,CUST00288,2023-12-12,101.76
ORD006266,CUST00215,2023-12-13,198.62
ORD003779,CUST00032,2023-12-13,184.76
ORD006223,CUST00769,2023-12-13,843.43
ORD006179,CUST00976,2023-12-13,555.99
ORD006103,CUST00115,2023-12-13,446.37
ORD004652,CUST00922,2023-12-13,11.6
ORD006041,CUST00852,2023-12-13,7.6
ORD006099,CUST00739,2023-12-13,22.22
ORD003926,CUST00008,2023-12-13,76.5
ORD006005,CUST00629,2023-12-13,5.22
ORD006024,CUST00886,2023-12-13,168.79
ORD006085,CUST00091,2023-12-13,329.6
ORD006232,CUST00853,2023-12-13,87.62
ORD004475,CUST00065,2023-12-13,175.03
ORD006027,CUST00830,2023-12-13,31.19
ORD006172,CUST00793,2023-12-13,231.39
ORD006088,CUST00432,2023-12-13,195.44
ORD006260,CUST00544,2023-12-13,23.17
ORD002845,CUST00687,2023-12-13,240.8
ORD006006,CUST00206,2023-12-13,610.59
ORD006173,CUST00530,2023-12-13,336.91
ORD004873,CUST00358,2023-12-13,31.51
ORD003748,CUST00079,2023-12-13,92.96
ORD006089,CUST00105,2023-12-14,69.1
ORD006234,CUST00732,2023-12-14,46.3
ORD001700,CUST00634,2023-12-14,230.59
ORD006233,CUST00180,2023-12-14,83.6
ORD001571,CUST00940,2023-12-14,110.75
ORD001691,CUST00884,2023-12-14,303.22
ORD006193,CUST00870,2023-12-14,652.92
ORD006054,CUST00792,2023-12-14,482.06
ORD001286,CUST00559,2023-12-14,77.79
ORD006195,CUST00974,2023-12-14,51.78
ORD006050,CUST00634,2023-12-14,52.15
ORD002150,CUST00680,2023-12-14,41.52
ORD005119,CUST00954,2023-12-14,202.53
ORD005442,CUST00399,2023-12-14,11.34
ORD000967,CUST00525,2023-12-14,32.32
ORD006263,CUST00638,2023-12-14,85.51
ORD006201,CUST00877,2023-12-14,7.8
ORD001678,CUST00611,2023-12-14,46.48
ORD006273,CUST00925,2023-12-14,212.78
ORD006042,CUST00749,2023-12-14,380.67
ORD006215,CUST00234,2023-12-14,42.13
ORD000567,CUST00875,2023-12-14,361.61
ORD006043,CUST00994,2023-12-14,291.72
ORD006129,CUST00393,2023-12-14,34.96
ORD006188,CUST00628,2023-12-15,18.52
ORD000264,CUST00027,2023-12-15,243.92
ORD002766,CUST00358,2023-12-15,171.05
ORD006084,CUST00089,2023-12-15,215.0
ORD006184,CUST00567,2023-12-15,194.48
ORD004381,CUST00376,2023-12-15,859.12
ORD001514,CUST00948,2023-12-15,437.47
ORD005301,CUST00755,2023-12-15,54.93
ORD006150,CUST00222,2023-12-15,114.0
ORD006240,CUST00439,2023-12-15,41.8
ORD006227,CUST00525,2023-12-15,224.27
ORD002143,CUST00367,2023-12-15,389.75
ORD000587,CUST00138,2023-12-15,73.59
ORD004962,CUST00645,2023-12-15,577.03
ORD000108,CUST00557,2023-12-15,44.47
ORD006243,CUST00375,2023-12-15,180.56
ORD002303,CUST00895,2023-12-15,186.88
ORD001348,CUST00043,2023-12-15,453.44
ORD006284,CUST00202,2023-12-15,186.88
ORD005814,CUST00327,2023-12-15,99.55
ORD002471,CUST00701,2023-12-16,11.34
ORD001134,CUST00123,2023-12-16,280.07
ORD006033,CUST00892,2023-12-16,288.63
ORD006072,CUST00310,2023-12-16,273.48
ORD002392,CUST00314,2023-12-16,344.4
ORD000574,CUST00215,2023-12-16,198.62
ORD006160,CUST00866,2023-12-16,152.12
ORD006110,CUST00525,2023-12-16,145.93
ORD006288,CUST00955,2023-12-16,287.38
ORD006147,CUST00113,2023-12-16,319.06
ORD002980,CUST00716,2023-12-16,11.02
ORD003955,CUST00327,2023-12-16,31.91
ORD006245,CUST00336,2023-12-16,41.83
ORD004256,CUST00219,2023-12-16,173.7
ORD004517,CUST00269,2023-12-16,349.98
ORD005562,CUST00755,2023-12-16,8.21
ORD006162,CUST00811,2023-12-16,161.76
ORD006069,CUST00645,2023-12-16,577.03
ORD004916,CUST00434,2023-12-17,162.53
ORD005654,CUST00956,2023-12-17,42.13
ORD000907,CUST00758,2023-12-17,113.65
ORD001622,CUST00968,2023-12-17,267.6
ORD005485,CUST00718,2023-12-17,301.15
ORD006015,CUST00202,2023-12-17,20.62
ORD001480,CUST00717,2023-12-17,560.64
ORD006032,CUST00425,2023-12-17,46.81
ORD003284,CUST00369,2023-12-17,117.29
ORD001063,CUST00298,2023-12-17,63.09
ORD006282,CUST00096,2023-12-17,673.82
ORD000043,CUST00610,2023-12-17,121.67
ORD001407,CUST00008,2023-12-17,256.5
ORD003058,CUST00579,2023-12-17,200.69
ORD000221,CUST00499,2023-12-17,644.06
ORD002263,CUST00812,2023-12-17,14.86
ORD006029,CUST00420,2023-12-17,218.79
ORD006081,CUST00949,2023-12-17,70.86
ORD006100,CUST00920,2023-12-17,118.15
ORD006242,CUST00008,2023-12-17,394.51
ORD006291,CUST00222,2023-12-17,19.68
ORD006228,CUST00637,2023-12-17,373.76
ORD006036,CUST00860,2023-12-17,316.64
ORD006052,CUST00302,2023-12-17,54.92
ORD006270,CUST00701,2023-12-17,46.3
ORD006136,CUST00069,2023-12-17,113.56
ORD006294,CUST00399,2023-12-17,39.08
ORD002132,CUST00736,2023-12-17,630.81
ORD006135,CUST00895,2023-12-17,305.72
ORD004910,CUST00814,2023-12-17,5.8
ORD006158,CUST00244,2023-12-17,69.96
ORD006183,CUST00820,2023-12-18,34.02
ORD006118,CUST00491,2023-12-18,337.7
ORD002479,CUST00632,2023-12-18,21.99
ORD006010,CUST00155,2023-12-18,190.06
ORD006214,CUST00078,2023-12-18,5.8
ORD002711,CUST00041,2023-12-18,5.8
ORD000633,CUST00079,2023-12-18,355.07
ORD000157,CUST00686,2023-12-18,8.21
ORD000798,CUST00033,2023-12-18,124.71
ORD006168,CUST00771,2023-12-18,83.69
ORD006048,CUST00399,2023-12-18,233.36
ORD006108,CUST00025,2023-12-18,32.15
ORD006175,CUST00667,2023-12-18,80.13
ORD006056,CUST00968,2023-12-18,60.58
ORD006198,CUST00406,2023-12-18,97.24
ORD005869,CUST00565,2023-12-18,83.6
ORD005123,CUST00787,2023-12-18,99.7
ORD006146,CUST00424,2023-12-18,96.31
ORD006212,CUST00477,2023-12-18,96.3
ORD003722,CUST00572,2023-12-18,392.28
ORD006249,CUST00384,2023-12-18,104.92
ORD000620,CUST00397,2023-12-18,33.21
ORD005484,CUST00955,2023-12-18,63.09
ORD006077,CUST00838,2023-12-18,256.98
ORD001608,CUST00829,2023-12-18,30.31
ORD001800,CUST00345,2023-12-18,551.3
ORD005703,CUST00507,2023-12-18,7.39
ORD006078,CUST00909,2023-12-19,27.26
ORD006176,CUST00032,2023-12-19,549.04
ORD000896,CUST00665,2023-12-19,149.27
ORD001570,CUST00209,2023-12-19,233.36
ORD006014,CUST00810,2023-12-19,110.57
ORD006149,CUST00753,2023-12-19,87.42
ORD006210,CUST00391,2023-12-19,373.76
ORD001736,CUST00307,2023-12-19,31.46
ORD001831,CUST00952,2023-12-19,66.66
ORD006051,CUST00902,2023-12-19,98.12
ORD001609,CUST00664,2023-12-19,8.21
ORD001339,CUST00526,2023-12-19,190.06
ORD001660,CUST00132,2023-12-19,292.58
ORD006037,CUST00034,2023-12-19,1004.08
ORD006251,CUST00957,2023-12-19,146.88
ORD002062,CUST00735,2023-12-19,269.24
ORD003464,CUST00258,2023-12-19,90.94
ORD004869,CUST00480,2023-12-19,212.18
ORD006023,CUST00054,2023-12-19,12.85
ORD005121,CUST00518,2023-12-19,286.37
ORD006125,CUST00588,2023-12-19,207.46
ORD006248,CUST00770,2023-12-19,118.96
ORD004171,CUST00065,2023-12-20,220.89
ORD000475,CUST00570,2023-12-20,462.75
ORD006159,CUST00860,2023-12-20,274.62
ORD006180,CUST00879,2023-12-20,46.9
ORD006018,CUST00326,2023-12-20,83.09
ORD002292,CUST00638,2023-12-20,186.88
ORD006224,CUST00399,2023-12-20,69.94
ORD006038,CUST00515,2023-12-20,88.94
ORD000319,CUST00851,2023-12-20,92.38
ORD006148,CUST00034,2023-12-20,523.79
ORD006090,CUST00504,2023-12-20,151.27
ORD004907,CUST00221,2023-12-20,31.91
ORD006167,CUST00435,2023-12-20,28.72
ORD006116,CUST00602,2023-12-20,194.48
ORD005427,CUST00996,2023-12-20,51.78
ORD002657,CUST00202,2023-12-20,186.88
ORD001205,CUST00131,2023-12-20,44.16
ORD006169,CUST00314,2023-12-20,61.48
ORD000949,CUST00637,2023-12-20,178.4
ORD006199,CUST00521,2023-12-20,851.58
ORD006283,CUST00192,2023-12-20,16.61
ORD006080,CUST00726,2023-12-21,186.88
ORD002045,CUST00674,2023-12-21,47.2
ORD006025,CUST00633,2023-12-21,28.72
ORD005625,CUST00852,2023-12-21,383.91
ORD005616,CUST00945,2023-12-21,450.56
ORD006226,CUST00771,2023-12-21,105.62
ORD006261,CUST00066,2023-12-21,414.63
ORD006123,CUST00917,2023-12-21,16.04
ORD002783,CUST00669,2023-12-21,213.15
ORD005965,CUST00769,2023-12-21,408.08
ORD000498,CUST00086,2023-12-21,203.13
ORD001878,CUST00211,2023-12-21,39.34
ORD006194,CUST00411,2023-12-21,39.71
ORD001182,CUST00149,2023-12-21,102.46
ORD004137,CUST00115,2023-12-21,17.48
ORD002294,CUST00231,2023-12-21,125.29
ORD006189,CUST00240,2023-12-21,322.7
ORD006281,CUST00024,2023-12-21,64.97
ORD000006,CUST00963,2023-12-21,158.85
ORD006139,CUST00146,2023-12-21,8.44
ORD001114,CUST00566,2023-12-21,560.96
ORD004541,CUST00657,2023-12-21,1730.05
ORD001962,CUST00049,2023-12-22,373.76
ORD004849,CUST00207,2023-12-22,263.51
ORD006211,CUST00089,2023-12-22,8.44
ORD003555,CUST00745,2023-12-22,231.71
ORD002928,CUST00583,2023-12-22,90.58
ORD006040,CUST00228,2023-12-22,50.85
ORD003595,CUST00197,2023-12-22,335.43
ORD006067,CUST00038,2023-12-22,88.94
ORD006068,CUST00345,2023-12-22,43.87
ORD001646,CUST00468,2023-12-22,431.41
ORD006254,CUST00683,2023-12-22,87.52
ORD006070,CUST00461,2023-12-22,13.98
ORD004974,CUST00031,2023-12-22,73.56
ORD006269,CUST00719,2023-12-22,449.8
ORD006044,CUST00964,2023-12-22,24.53
ORD006055,CUST00084,2023-12-22,111.43
ORD006028,CUST00769,2023-12-22,320.06
ORD006192,CUST00781,2023-12-22,304.33
ORD004831,CUST00168,2023-12-22,420.83
ORD006170,CUST00146,2023-12-23,393.63
ORD003268,CUST00310,2023-12-23,5.51
ORD006008,CUST00595,2023-12-23,602.3
ORD005404,CUST00682,2023-12-23,8.02
ORD006011,CUST00811,2023-12-23,69.94
ORD006143,CUST00577,2023-12-23,532.61
ORD003642,CUST00447,2023-12-23,330.59
ORD001509,CUST00756,2023-12-23,255.07
ORD001329,CUST00887,2023-12-23,190.06
ORD006026,CUST00634,2023-12-23,185.8
ORD001495,CUST00480,2023-12-23,41.52
ORD006229,CUST00008,2023-12-23,256.5
ORD005302,CUST00849,2023-12-23,54.52
ORD006034,CUST00421,2023-12-23,238.25
ORD006083,CUST00249,2023-12-23,23.15
ORD002468,CUST00244,2023-12-23,447.66
ORD005330,CUST00690,2023-12-24,269.24
ORD006231,CUST00741,2023-12-24,22.08
ORD000270,CUST00244,2023-12-24,108.87
ORD004280,CUST00877,2023-12-24,7.8
ORD000860,CUST00412,2023-12-24,414.5
ORD006262,CUST00795,2023-12-24,419.18
ORD006197,CUST00306,2023-12-24,112.88
ORD006144,CUST00215,2023-12-24,81.57
ORD002475,CUST00559,2023-12-24,292.19
ORD001421,CUST00579,2023-12-24,124.58
ORD002803,CUST00449,2023-12-24,51.79
ORD001552,CUST00346,2023-12-24,117.29
ORD006152,CUST00811,2023-12-24,59.03
ORD006066,CUST00184,2023-12-24,49.06
ORD003939,CUST00956,2023-12-24,41.52
ORD006238,CUST00787,2023-12-24,81.78
ORD000735,CUST00170,2023-12-24,69.45
ORD005316,CUST00793,2023-12-24,310.94
ORD002823,CUST00421,2023-12-24,694.82
ORD005456,CUST00353,2023-12-24,11.34
ORD006257,CUST00941,2023-12-24,543.95
ORD000930,CUST00280,2023-12-25,103.01
ORD004483,CUST00686,2023-12-25,51.31
ORD002501,CUST00025,2023-12-25,6.98
ORD006061,CUST00308,2023-12-25,161.55
ORD006153,CUST00527,2023-12-25,28.72
ORD006187,CUST00409,2023-12-25,103.04
ORD006264,CUST00645,2023-12-25,109.02
ORD004631,CUST00821,2023-12-25,326.99
ORD004167,CUST00025,2023-12-25,16.42
ORD006009,CUST00027,2023-12-25,63.96
ORD006065,CUST00638,2023-12-25,87.42
ORD002124,CUST00291,2023-12-25,88.1
ORD005590,CUST00149,2023-12-25,51.79
ORD004595,CUST00613,2023-12-25,380.12
ORD004017,CUST00279,2023-12-25,203.35
ORD006071,CUST00605,2023-12-25,401.18
ORD006235,CUST00190,2023-12-25,180.56
ORD006185,CUST00702,2023-12-25,71.34
ORD006287,CUST00313,2023-12-25,190.68
ORD006141,CUST00649,2023-12-25,250.19
ORD003489,CUST00808,2023-12-26,88.6
ORD006272,CUST00507,2023-12-26,167.53
ORD006290,CUST00079,2023-12-26,119.87
ORD005177,CUST00520,2023-12-26,92.38
ORD006134,CUST00279,2023-12-26,203.35
ORD006119,CUST00682,2023-12-26,336.91
ORD006164,CUST00637,2023-12-26,685.19
ORD006121,CUST00749,2023-12-26,103.17
ORD003852,CUST00031,2023-12-26,652.14
ORD004950,CUST00138,2023-12-26,236.66
ORD003439,CUST00202,2023-12-26,5.8
ORD006216,CUST00902,2023-12-26,100.2
ORD005439,CUST00542,2023-12-26,69.96
ORD000636,CUST00192,2023-12-26,16.61
ORD006132,CUST00835,2023-12-26,297.34
ORD006230,CUST00522,2023-12-26,227.49
ORD006021,CUST00802,2023-12-26,151.18
ORD006130,CUST00186,2023-12-26,141.6
ORD004225,CUST00852,2023-12-26,151.41
ORD001497,CUST00274,2023-12-26,41.67
ORD006016,CUST00249,2023-12-26,22.68
ORD003702,CUST00197,2023-12-26,304.7
ORD006020,CUST00274,2023-12-26,53.6
ORD001227,CUST00244,2023-12-26,23.15
ORD004343,CUST00534,2023-12-27,13.14
ORD006126,CUST00338,2023-12-27,111.43
ORD005162,CUST00180,2023-12-27,519.0
ORD006127,CUST00748,2023-12-27,41.67
ORD006297,CUST00566,2023-12-27,480.94
ORD006013,CUST00579,2023-12-27,67.65
ORD004611,CUST00567,2023-12-27,63.09
ORD006095,CUST00884,2023-12-27,155.69
ORD002043,CUST00016,2023-12-27,94.21
ORD001291,CUST00977,2023-12-27,169.62
ORD006289,CUST00607,2023-12-27,55.06
ORD006209,CUST00886,2023-12-27,105.56
ORD006094,CUST00946,2023-12-27,22.68
ORD006062,CUST00964,2023-12-27,899.29
ORD004263,CUST00599,2023-12-27,356.01
ORD006075,CUST00983,2023-12-27,407.72
ORD002685,CUST00961,2023-12-27,27.26
ORD003769,CUST00121,2023-12-27,303.85
ORD006154,CUST00865,2023-12-27,234.58
ORD001838,CUST00255,2023-12-27,53.46
ORD006109,CUST00520,2023-12-27,19.81
ORD002675,CUST00742,2023-12-27,46.32
ORD005000,CUST00687,2023-12-27,97.24
ORD005822,CUST00917,2023-12-28,16.04
ORD001177,CUST00280,2023-12-28,374.2
ORD001140,CUST00047,2023-12-28,24.53
ORD004360,CUST00748,2023-12-28,54.51
ORD000603,CUST00745,2023-12-28,924.45
ORD001988,CUST00997,2023-12-28,223.42
ORD001782,CUST00739,2023-12-28,22.22
ORD001031,CUST00318,2023-12-28,236.36
ORD004317,CUST00116,2023-12-29,86.0
ORD005004,CUST00181,2023-12-29,81.78
ORD000682,CUST00520,2023-12-29,52.15
ORD002253,CUST00289,2023-12-29,336.91
ORD001884,CUST00298,2023-12-29,356.55
ORD003891,CUST00463,2023-12-29,23.15
ORD003365,CUST00650,2023-12-29,8.21
ORD004979,CUST00034,2023-12-29,210.03
ORD005027,CUST00215,2023-12-29,341.73
ORD000381,CUST00688,2023-12-29,64.71
ORD005874,CUST00887,2023-12-29,173.08
ORD005629,CUST00769,2023-12-30,105.66
ORD001142,CUST00601,2023-12-30,24.53
ORD000566,CUST00985,2023-12-30,25.9
ORD001051,CUST00358,2023-12-30,223.2
ORD004972,CUST00375,2023-12-30,459.71
ORD000578,CUST00380,2023-12-30,23.28
ORD003358,CUST00046,2023-12-30,510.12
ORD003690,CUST00939,2023-12-30,345.35
ORD003055,CUST00577,2023-12-30,138.65
ORD005748,CUST00711,2023-12-30,27.26
ORD003652,CUST00769,2023-12-30,32.32
ORD005728,CUST00550,2023-12-31,57.82
ORD004143,CUST00686,2023-12-31,43.17
ORD002176,CUST00206,2023-12-31,43.71
ORD003286,CUST00351,2023-12-31,245.64
ORD004377,CUST00371,2023-12-31,22.68
ORD005465,CUST00747,2023-12-31,50.47
ORD002689,CUST00288,2023-12-31,314.56
ORD002904,CUST00645,2024-01-01,303.22
ORD002472,CUST00137,2024-01-01,161.55
ORD003692,CUST00164,2024-01-01,49.06
ORD003886,CUST00925,2024-01-01,229.01
ORD005701,CUST00635,2024-01-01,51.78
ORD002205,CUST00168,2024-01-01,377.29
ORD003355,CUST00870,2024-01-01,51.78
ORD002055,CUST00302,2024-01-01,63.09
ORD000512,CUST00197,2024-01-01,9.64
ORD000861,CUST00821,2024-01-01,84.26
ORD004364,CUST00902,2024-01-01,13.02
ORD004538,CUST00440,2024-01-01,559.34
ORD001192,CUST00892,2024-01-01,69.51
ORD003602,CUST00710,2024-01-01,358.25
ORD000442,CUST00227,2024-01-01,47.79
ORD000971,CUST00052,2024-01-01,46.48
ORD005746,CUST00256,2024-01-02,24.05
ORD001735,CUST00206,2024-01-02,52.44
ORD000621,CUST00526,2024-01-02,103.57
ORD004801,CUST00634,2024-01-02,43.92
ORD003050,CUST00682,2024-01-02,336.91
ORD001091,CUST00670,2024-01-02,227.2
ORD003643,CUST00736,2024-01-02,23.15
ORD002452,CUST00277,2024-01-02,202.31
ORD003582,CUST00115,2024-01-02,50.47
ORD000071,CUST00594,2024-01-02,305.49
ORD001061,CUST00133,2024-01-02,28.97
ORD002587,CUST00280,2024-01-02,42.12
ORD003921,CUST00073,2024-01-02,700.04
ORD000075,CUST00473,2024-01-03,1024.24
ORD005681,CUST00344,2024-01-03,11.34
ORD001778,CUST00755,2024-01-03,49.06
ORD004277,CUST00031,2024-01-03,24.53
ORD002113,CUST00634,2024-01-03,41.8
ORD005577,CUST00128,2024-01-03,122.99
ORD004895,CUST00409,2024-01-03,85.51
ORD005243,CUST00638,2024-01-03,43.71
ORD001504,CUST00057,2024-01-03,606.44
ORD004518,CUST00165,2024-01-03,31.61
ORD000309,CUST00319,2024-01-04,27.12
ORD001018,CUST00595,2024-01-04,46.81
ORD004368,CUST00577,2024-01-04,15.73
ORD002091,CUST00504,2024-01-04,5.8
ORD000360,CUST00949,2024-01-04,505.49
ORD002192,CUST00029,2024-01-04,20.94
ORD002973,CUST00769,2024-01-04,336.91
ORD004192,CUST00606,2024-01-04,99.68
ORD001222,CUST00269,2024-01-04,53.69
ORD002259,CUST00037,2024-01-04,15.19
ORD004180,CUST00195,2024-01-04,54.51
ORD002745,CUST00616,2024-01-04,41.83
ORD001647,CUST00448,2024-01-04,59.61
ORD001203,CUST00917,2024-01-04,710.28
ORD001625,CUST00375,2024-01-04,87.42
ORD000084,CUST00105,2024-01-04,397.21
ORD005221,CUST00344,2024-01-05,626.49
ORD002867,CUST00021,2024-01-05,72.67
ORD000446,CUST00829,2024-01-05,109.57
ORD004996,CUST00745,2024-01-05,23.15
ORD002300,CUST00242,2024-01-05,269.24
ORD000728,CUST00210,2024-01-05,43.71
ORD001272,CUST00769,2024-01-05,17.4
ORD003822,CUST00399,2024-01-05,42.13
ORD000217,CUST00238,2024-01-06,5.8
ORD000283,CUST00443,2024-01-06,39.71
ORD004958,CUST00171,2024-01-06,110.75
ORD005153,CUST00989,2024-01-06,121.73
ORD002151,CUST00093,2024-01-06,41.8
ORD004101,CUST00567,2024-01-06,213.36
ORD003409,CUST00755,2024-01-06,69.39
ORD001524,CUST00128,2024-01-06,322.03
ORD000605,CUST00041,2024-01-06,450.39
ORD000978,CUST00284,2024-01-06,370.76
ORD001352,CUST00605,2024-01-06,186.88
ORD004882,CUST00319,2024-01-06,24.53
ORD001981,CUST00682,2024-01-06,679.74
ORD001498,CUST00526,2024-01-06,31.91
ORD005432,CUST00830,2024-01-07,111.43
ORD003966,CUST00149,2024-01-07,11.34
ORD002376,CUST00887,2024-01-07,54.51
ORD004140,CUST00008,2024-01-07,283.41
ORD001998,CUST00742,2024-01-07,46.48
ORD003532,CUST00981,2024-01-07,11.34
ORD000496,CUST00694,2024-01-07,13.96
ORD004602,CUST00744,2024-01-07,27.26
ORD001806,CUST00474,2024-01-07,27.26
ORD001640,CUST00892,2024-01-07,177.54
ORD000769,CUST00249,2024-01-07,896.46
ORD001095,CUST00207,2024-01-08,906.94
ORD000658,CUST00484,2024-01-08,144.69
ORD002544,CUST00774,2024-01-08,188.28
ORD002071,CUST00254,2024-01-08,704.68
ORD000541,CUST00956,2024-01-08,151.78
ORD000219,CUST00463,2024-01-08,118.99
ORD000845,CUST00583,2024-01-08,46.48
ORD000776,CUST00892,2024-01-09,178.28
ORD003531,CUST00650,2024-01-09,616.08
ORD002202,CUST00909,2024-01-09,62.54
ORD001542,CUST00024,2024-01-09,23.15
ORD001882,CUST00346,2024-01-09,833.45
ORD003558,CUST00547,2024-01-10,177.54
ORD000984,CUST00544,2024-01-10,177.54
ORD004694,CUST00994,2024-01-10,74.38
ORD003572,CUST00413,2024-01-10,16.53
ORD003838,CUST00993,2024-01-10,33.21
ORD005067,CUST00398,2024-01-10,150.87
ORD004449,CUST00885,2024-01-11,59.94
ORD004554,CUST00821,2024-01-11,360.38
ORD002190,CUST00339,2024-01-11,107.11
ORD005101,CUST00748,2024-01-11,41.67
ORD001545,CUST00173,2024-01-11,43.71
ORD005122,CUST00069,2024-01-11,8.21
ORD004111,CUST00945,2024-01-11,56.24
ORD003444,CUST00215,2024-01-11,212.47
ORD000077,CUST00207,2024-01-11,373.76
ORD001874,CUST00585,2024-01-11,190.06
ORD003914,CUST00322,2024-01-11,49.06
ORD003794,CUST00535,2024-01-11,179.53
ORD004056,CUST00164,2024-01-12,168.19
ORD000194,CUST00235,2024-01-12,24.63
ORD005047,CUST00650,2024-01-12,16.61
ORD003307,CUST00792,2024-01-12,46.81
ORD001649,CUST00057,2024-01-12,68.34
ORD004265,CUST00947,2024-01-12,289.76
ORD004480,CUST00754,2024-01-12,185.53
ORD000796,CUST00318,2024-01-12,131.58
ORD002542,CUST00773,2024-01-12,119.13
ORD003647,CUST00697,2024-01-12,481.8
ORD004095,CUST00941,2024-01-12,16.61
ORD000635,CUST00825,2024-01-13,19.78
ORD005396,CUST00384,2024-01-13,194.35
ORD003600,CUST00041,2024-01-13,357.92
ORD002568,CUST00892,2024-01-13,46.31
ORD003556,CUST00736,2024-01-13,154.02
ORD000377,CUST00456,2024-01-13,61.03
ORD005143,CUST00968,2024-01-13,60.58
ORD005813,CUST00740,2024-01-13,119.87
ORD000737,CUST00957,2024-01-13,102.73
ORD003916,CUST00929,2024-01-13,38.51
ORD003618,CUST00393,2024-01-14,397.31
ORD005414,CUST00079,2024-01-14,5.8
ORD001349,CUST00413,2024-01-14,56.78
ORD001218,CUST00705,2024-01-14,257.73
ORD004477,CUST00999,2024-01-14,42.13
ORD000611,CUST00096,2024-01-14,97.21
ORD000563,CUST00944,2024-01-14,66.23
ORD005750,CUST00327,2024-01-14,108.77
ORD004441,CUST00180,2024-01-14,1125.66
ORD003989,CUST00534,2024-01-15,46.81
ORD005647,CUST00345,2024-01-15,56.07
ORD004983,CUST00583,2024-01-15,190.06
ORD002098,CUST00159,2024-01-15,284.12
ORD005712,CUST00671,2024-01-15,128.63
ORD005792,CUST00517,2024-01-16,44.54
ORD002835,CUST00432,2024-01-16,181.9
ORD000920,CUST00124,2024-01-16,194.48
ORD003056,CUST00838,2024-01-16,16.61
ORD005050,CUST00657,2024-01-16,745.34
ORD004065,CUST00114,2024-01-16,255.07
ORD005277,CUST00074,2024-01-16,776.78
ORD000511,CUST00638,2024-01-17,99.68
ORD000743,CUST00155,2024-01-17,1094.99
ORD004636,CUST00870,2024-01-17,936.39
ORD002064,CUST00345,2024-01-17,425.7
ORD003506,CUST00660,2024-01-17,8.44
ORD002504,CUST00284,2024-01-17,86.06
ORD004264,CUST00041,2024-01-17,190.06
ORD003714,CUST00507,2024-01-17,32.97
ORD005092,CUST00078,2024-01-17,99.7
ORD001415,CUST00993,2024-01-17,79.51
ORD000277,CUST00298,2024-01-17,116.81
ORD004504,CUST00062,2024-01-17,49.06
ORD001330,CUST00694,2024-01-17,100.4
ORD002335,CUST00170,2024-01-17,199.01
ORD003577,CUST00057,2024-01-17,65.32
ORD001941,CUST00755,2024-01-18,470.3
ORD002799,CUST00600,2024-01-18,163.72
ORD001241,CUST00965,2024-01-18,934.29
ORD001794,CUST00462,2024-01-18,148.04
ORD002759,CUST00389,2024-01-18,956.14
ORD000403,CUST00319,2024-01-18,10.77
ORD002821,CUST00014,2024-01-18,16.61
ORD005005,CUST00414,2024-01-18,348.25
ORD004040,CUST00302,2024-01-18,114.87
ORD001007,CUST00211,2024-01-19,8.02
ORD002222,CUST00041,2024-01-19,17.4
ORD000642,CUST00691,2024-01-19,128.34
ORD002261,CUST00745,2024-01-19,135.96
ORD005537,CUST00176,2024-01-19,65.33
ORD002484,CUST00856,2024-01-19,566.82
ORD000801,CUST00657,2024-01-19,372.34
ORD000819,CUST00121,2024-01-19,510.02
ORD001761,CUST00567,2024-01-19,56.78
ORD000788,CUST00359,2024-01-19,24.53
ORD003170,CUST00732,2024-01-20,365.82
ORD000324,CUST00755,2024-01-20,83.6
ORD001001,CUST00170,2024-01-20,82.65
ORD003200,CUST00258,2024-01-20,174.33
ORD004835,CUST00431,2024-01-20,16.61
ORD000163,CUST00745,2024-01-20,53.63
ORD000915,CUST00544,2024-01-20,248.16
ORD002052,CUST00113,2024-01-20,120.07
ORD005275,CUST00823,2024-01-21,221.5
ORD000868,CUST00204,2024-01-21,910.17
ORD000701,CUST00834,2024-01-21,180.56
ORD001246,CUST00889,2024-01-21,91.9
ORD003868,CUST00515,2024-01-21,88.94
ORD001148,CUST00650,2024-01-21,177.54
ORD001333,CUST00171,2024-01-21,105.56
ORD004629,CUST00504,2024-01-21,151.27
ORD005040,CUST00511,2024-01-21,83.93
ORD003801,CUST00718,2024-01-21,43.71
ORD000015,CUST00751,2024-01-21,107.48
ORD003856,CUST00384,2024-01-21,61.09
ORD001172,CUST00634,2024-01-21,10.77
ORD004086,CUST00745,2024-01-21,186.88
ORD000274,CUST00503,2024-01-21,336.91
ORD000964,CUST00181,2024-01-21,92.38
ORD004724,CUST00800,2024-01-21,195.09
ORD000017,CUST00718,2024-01-21,91.85
ORD000484,CUST00085,2024-01-21,148.55
ORD003998,CUST00344,2024-01-22,342.97
ORD005894,CUST00008,2024-01-22,46.3
ORD000031,CUST00041,2024-01-22,8.02
ORD000362,CUST00181,2024-01-22,336.38
ORD004074,CUST00041,2024-01-22,144.38
ORD005809,CUST00994,2024-01-22,81.54
ORD001774,CUST00530,2024-01-22,417.91
ORD001170,CUST00637,2024-01-23,342.11
ORD002727,CUST00740,2024-01-23,16.61
ORD002590,CUST00502,2024-01-23,23.15
ORD000969,CUST00451,2024-01-23,344.51
ORD003027,CUST00649,2024-01-23,289.76
ORD001759,CUST00018,2024-01-23,83.66
ORD000207,CUST00599,2024-01-23,8.21
ORD001216,CUST00482,2024-01-23,39.34
ORD005656,CUST00183,2024-01-23,134.77
ORD004098,CUST00577,2024-01-23,283.41
ORD001332,CUST00211,2024-01-24,128.7
ORD003263,CUST00438,2024-01-24,349.58
ORD001853,CUST00915,2024-01-24,90.35
ORD002954,CUST00952,2024-01-24,79.64
ORD002876,CUST00836,2024-01-24,128.91
ORD002595,CUST00909,2024-01-24,27.26
ORD002956,CUST00038,2024-01-24,17.4
ORD005199,CUST00411,2024-01-24,489.64
ORD000085,CUST00093,2024-01-24,43.71
ORD005931,CUST00294,2024-01-24,237.12
ORD005982,CUST00769,2024-01-24,87.52
ORD003979,CUST00384,2024-01-25,54.51
ORD002345,CUST00634,2024-01-25,24.79
ORD004505,CUST00532,2024-01-25,153.26
ORD000382,CUST00697,2024-01-25,55.25
ORD002097,CUST00612,2024-01-25,334.28
ORD004844,CUST00962,2024-01-25,257.88
ORD000027,CUST00972,2024-01-25,169.07
ORD003302,CUST00129,2024-01-25,63.09
ORD000897,CUST00993,2024-01-25,567.0
ORD004609,CUST00537,2024-01-25,93.59
ORD002942,CUST00632,2024-01-25,46.81
ORD004431,CUST00771,2024-01-25,149.61
ORD002746,CUST00684,2024-01-26,631.94
ORD003492,CUST00241,2024-01-26,680.37
ORD003701,CUST00032,2024-01-26,352.67
ORD003610,CUST00190,2024-01-26,72.37
ORD005288,CUST00531,2024-01-26,596.2
ORD003937,CUST00005,2024-01-26,442.66
ORD002909,CUST00022,2024-01-26,232.06
ORD005524,CUST00628,2024-01-26,378.99
ORD004624,CUST00979,2024-01-26,43.71
ORD004357,CUST00374,2024-01-26,154.56
ORD000507,CUST00822,2024-01-26,311.13
ORD002214,CUST00413,2024-01-26,112.34
ORD005863,CUST00223,2024-01-27,227.77
ORD005228,CUST00430,2024-01-27,172.97
ORD004089,CUST00892,2024-01-27,290.37
ORD002813,CUST00171,2024-01-27,268.76
ORD002628,CUST00422,2024-01-27,184.76
ORD005911,CUST00096,2024-01-27,71.06
ORD001043,CUST00031,2024-01-27,44.16
ORD005429,CUST00070,2024-01-27,133.16
ORD002679,CUST00771,2024-01-27,283.41
ORD005413,CUST00368,2024-01-27,27.26
ORD003971,CUST00156,2024-01-27,582.37
ORD004439,CUST00500,2024-01-27,166.31
ORD001783,CUST00272,2024-01-27,25.09
ORD004422,CUST00427,2024-01-27,207.63
ORD004965,CUST00968,2024-01-28,25.32
ORD001202,CUST00745,2024-01-28,295.01
ORD002574,CUST00375,2024-01-28,66.49
ORD001361,CUST00269,2024-01-28,71.34
ORD005175,CUST00125,2024-01-28,589.97
ORD003581,CUST00756,2024-01-28,721.27
ORD000526,CUST00129,2024-01-28,23.15
ORD001451,CUST00601,2024-01-28,46.48
ORD000225,CUST00433,2024-01-28,69.88
ORD002692,CUST00149,2024-01-28,46.48
ORD000105,CUST00638,2024-01-28,594.66
ORD003646,CUST00499,2024-01-28,258.63
ORD001062,CUST00456,2024-01-29,759.88
ORD003890,CUST00507,2024-01-29,37.62
ORD004423,CUST00280,2024-01-29,158.43
ORD005312,CUST00421,2024-01-29,190.06
ORD002161,CUST00976,2024-01-29,555.99
ORD000216,CUST00208,2024-01-29,267.42
ORD004122,CUST00440,2024-01-29,21.81
ORD001841,CUST00374,2024-01-29,46.48
ORD001802,CUST00034,2024-01-29,104.92
ORD004921,CUST00192,2024-01-29,501.25
ORD002960,CUST00821,2024-01-30,640.13
ORD003620,CUST00402,2024-01-30,49.06
ORD004041,CUST00738,2024-01-30,344.13
ORD000391,CUST00638,2024-01-30,49.06
ORD005930,CUST00601,2024-01-30,161.55
ORD001453,CUST00769,2024-01-30,530.29
ORD001631,CUST00957,2024-01-30,336.91
ORD000476,CUST00933,2024-01-30,41.8
ORD002545,CUST00603,2024-01-31,111.25
ORD003771,CUST00206,2024-01-31,54.52
ORD003183,CUST00739,2024-01-31,146.01
ORD002363,CUST00747,2024-01-31,283.41
ORD005790,CUST00954,2024-01-31,27.26
ORD002572,CUST00964,2024-01-31,59.17
ORD002220,CUST00601,2024-01-31,234.58
ORD002805,CUST00700,2024-01-31,24.53
ORD003629,CUST00862,2024-01-31,710.02
ORD002093,CUST00787,2024-01-31,182.4
ORD005487,CUST00256,2024-01-31,214.77
ORD000934,CUST00385,2024-01-31,11.34
ORD001951,CUST00616,2024-01-31,140.62
ORD000131,CUST00964,2024-01-31,103.57
ORD005341,CUST00008,2024-01-31,89.52
ORD001117,CUST00968,2024-01-31,46.81
ORD004926,CUST00310,2024-01-31,373.39
ORD003964,CUST00392,2024-02-01,692.03
ORD002102,CUST00565,2024-02-01,144.57
ORD003789,CUST00829,2024-02-01,505.77
ORD005880,CUST00807,2024-02-01,251.84
ORD005764,CUST00716,2024-02-01,44.16
ORD003630,CUST00927,2024-02-01,620.32
ORD003644,CUST00170,2024-02-01,39.34
ORD000423,CUST00031,2024-02-01,11.34
ORD003177,CUST00517,2024-02-02,224.35
ORD005077,CUST00128,2024-02-02,52.99
ORD005756,CUST00983,2024-02-02,11.34
ORD002092,CUST00499,2024-02-02,23.17
ORD005390,CUST00683,2024-02-02,79.42
ORD002215,CUST00386,2024-02-02,49.06
ORD001282,CUST00209,2024-02-02,17.4
ORD003330,CUST00628,2024-02-02,631.97
ORD003283,CUST00895,2024-02-02,306.86
ORD005071,CUST00054,2024-02-02,54.51
ORD004896,CUST00025,2024-02-03,46.48
ORD003276,CUST00736,2024-02-03,497.0
ORD004706,CUST00645,2024-02-03,88.77
ORD002127,CUST00808,2024-02-03,25.9
ORD000722,CUST00949,2024-02-03,83.6
ORD003680,CUST00996,2024-02-03,186.88
ORD000721,CUST00093,2024-02-03,283.41
ORD002723,CUST00769,2024-02-03,801.83
ORD002520,CUST00747,2024-02-03,54.51
ORD000287,CUST00971,2024-02-03,374.06
ORD001476,CUST00032,2024-02-03,399.28
ORD002955,CUST00705,2024-02-03,46.81
ORD004219,CUST00406,2024-02-03,190.06
ORD001147,CUST00245,2024-02-04,44.47
ORD005749,CUST00562,2024-02-04,17.48
ORD004153,CUST00983,2024-02-04,103.57
ORD002323,CUST00694,2024-02-04,50.47
ORD000351,CUST00812,2024-02-04,69.39
ORD001971,CUST00298,2024-02-04,122.69
ORD004861,CUST00269,2024-02-04,358.93
ORD003486,CUST00769,2024-02-04,149.27
ORD003278,CUST00697,2024-02-04,33.52
ORD004773,CUST00957,2024-02-04,275.98
ORD000374,CUST00328,2024-02-04,114.45
ORD001296,CUST00505,2024-02-05,8.21
ORD005816,CUST00735,2024-02-05,607.27
ORD000873,CUST00451,2024-02-05,4.64
ORD003946,CUST00275,2024-02-05,109.24
ORD001084,CUST00840,2024-02-05,16.61
ORD005459,CUST00730,2024-02-05,180.56
ORD004599,CUST00640,2024-02-05,7.8
ORD003474,CUST00581,2024-02-05,23.15
ORD001996,CUST00695,2024-02-05,304.1
ORD000671,CUST00173,2024-02-05,479.32
ORD003825,CUST00670,2024-02-05,41.67
ORD003669,CUST00708,2024-02-06,27.12
ORD005096,CUST00077,2024-02-06,283.41
ORD004491,CUST00758,2024-02-07,43.71
ORD001041,CUST00718,2024-02-07,173.84
ORD002277,CUST00248,2024-02-07,42.46
ORD000119,CUST00079,2024-02-07,142.72
ORD000940,CUST00542,2024-02-07,504.58
ORD005968,CUST00103,2024-02-07,572.75
ORD005492,CUST00541,2024-02-07,7.8
ORD004262,CUST00531,2024-02-07,143.58
ORD002971,CUST00197,2024-02-07,5.8
ORD004790,CUST00275,2024-02-07,380.12
ORD005852,CUST00687,2024-02-07,25.9
ORD000830,CUST00695,2024-02-07,99.27
ORD000023,CUST00567,2024-02-07,211.51
ORD001556,CUST00872,2024-02-08,357.24
ORD000627,CUST00299,2024-02-08,599.07
ORD000091,CUST00674,2024-02-08,299.72
ORD004959,CUST00299,2024-02-08,165.72
ORD003485,CUST00096,2024-02-08,212.48
ORD002060,CUST00334,2024-02-08,46.48
ORD002213,CUST00069,2024-02-08,158.85
ORD001856,CUST00940,2024-02-08,380.12
ORD005861,CUST00176,2024-02-08,414.2
ORD004860,CUST00275,2024-02-09,164.27
ORD002165,CUST00700,2024-02-09,618.86
ORD001402,CUST00530,2024-02-09,120.04
ORD000831,CUST00068,2024-02-09,11.02
ORD005116,CUST00480,2024-02-09,64.95
ORD003997,CUST00197,2024-02-09,336.91
ORD000010,CUST00027,2024-02-09,768.02
ORD001606,CUST00214,2024-02-09,84.59
ORD005886,CUST00776,2024-02-09,8.44
ORD004488,CUST00280,2024-02-09,807.72
ORD002863,CUST00110,2024-02-09,245.03
ORD005324,CUST00208,2024-02-09,614.63
ORD005139,CUST00568,2024-02-09,336.91
ORD000439,CUST00411,2024-02-10,20.85
ORD005087,CUST00879,2024-02-10,21.99
ORD005958,CUST00815,2024-02-10,850.23
ORD001459,CUST00093,2024-02-10,99.7
ORD003391,CUST00648,2024-02-10,399.16
ORD004846,CUST00753,2024-02-10,87.42
ORD001797,CUST00052,2024-02-10,92.38
ORD001029,CUST00165,2024-02-10,117.29
ORD005269,CUST00266,2024-02-11,173.03
ORD001665,CUST00258,2024-02-11,46.4
ORD005348,CUST00672,2024-02-11,283.41
ORD005379,CUST00219,2024-02-11,192.51
ORD004897,CUST00949,2024-02-11,242.67
ORD002485,CUST00534,2024-02-11,325.21
ORD004418,CUST00396,2024-02-11,342.11
ORD003728,CUST00462,2024-02-11,371.57
ORD001086,CUST00852,2024-02-11,171.05
ORD001940,CUST00687,2024-02-11,23.15
ORD002370,CUST00583,2024-02-11,332.47
ORD002715,CUST00595,2024-02-12,54.51
ORD005477,CUST00871,2024-02-12,60.32
ORD002311,CUST00563,2024-02-12,359.35
ORD002756,CUST00235,2024-02-12,1438.61
ORD001256,CUST00635,2024-02-12,8.21
ORD002082,CUST00835,2024-02-12,357.75
ORD005192,CUST00024,2024-02-12,318.94
ORD001274,CUST00159,2024-02-12,322.61
ORD005525,CUST00544,2024-02-12,239.15
ORD005490,CUST00406,2024-02-12,358.99
ORD003441,CUST00113,2024-02-12,76.24
ORD005259,CUST00582,2024-02-12,31.91
ORD003217,CUST00639,2024-02-12,68.78
ORD002614,CUST00202,2024-02-12,7.6
ORD002651,CUST00677,2024-02-13,343.36
ORD004986,CUST00032,2024-02-13,336.38
ORD000529,CUST00199,2024-02-13,255.07
ORD001676,CUST00326,2024-02-13,33.21
ORD003220,CUST00058,2024-02-13,373.76
ORD001995,CUST00153,2024-02-13,186.88
ORD004096,CUST00199,2024-02-13,291.72
ORD004332,CUST00211,2024-02-13,129.56
ORD004527,CUST00086,2024-02-13,351.87
ORD005061,CUST00892,2024-02-13,373.76
ORD000555,CUST00660,2024-02-14,296.87
ORD005357,CUST00745,2024-02-14,570.18
ORD004456,CUST00541,2024-02-14,63.09
ORD004215,CUST00691,2024-02-14,53.63
ORD000369,CUST00492,2024-02-14,186.88
ORD001734,CUST00022,2024-02-14,5.8
ORD004543,CUST00208,2024-02-14,352.64
ORD004947,CUST00063,2024-02-15,7.39
ORD000777,CUST00833,2024-02-15,155.47
ORD003440,CUST00711,2024-02-15,233.38
ORD001046,CUST00181,2024-02-15,97.84
ORD004923,CUST00697,2024-02-15,198.08
ORD002031,CUST00745,2024-02-15,87.42
ORD004580,CUST00147,2024-02-15,27.26
ORD005283,CUST00206,2024-02-15,50.97
ORD001872,CUST00319,2024-02-16,784.57
ORD004955,CUST00380,2024-02-16,64.02
ORD004859,CUST00844,2024-02-16,312.56
ORD001106,CUST00027,2024-02-16,126.18
ORD002118,CUST00339,2024-02-16,146.47
ORD004158,CUST00861,2024-02-16,175.03
ORD005313,CUST00686,2024-02-16,23.15
ORD002154,CUST00420,2024-02-16,109.57
ORD001932,CUST00771,2024-02-16,255.12
ORD001045,CUST00812,2024-02-16,5.8
ORD004789,CUST00983,2024-02-16,349.01
ORD003945,CUST00687,2024-02-16,10.77
ORD000388,CUST00957,2024-02-17,466.11
ORD001378,CUST00718,2024-02-17,798.97
ORD001679,CUST00344,2024-02-17,27.12
ORD001219,CUST00171,2024-02-17,320.93
ORD000504,CUST00371,2024-02-17,373.76
ORD005054,CUST00258,2024-02-17,47.68
ORD001037,CUST00129,2024-02-17,7.39
ORD005614,CUST00842,2024-02-18,175.44
ORD000396,CUST00391,2024-02-18,49.73
ORD000392,CUST00701,2024-02-18,46.3
ORD004829,CUST00745,2024-02-18,168.01
ORD005962,CUST00580,2024-02-18,117.46
ORD001642,CUST00012,2024-02-18,49.07
ORD003919,CUST00236,2024-02-18,147.08
ORD004178,CUST00009,2024-02-18,87.73
ORD002000,CUST00215,2024-02-18,105.17
ORD005204,CUST00146,2024-02-18,393.63
ORD003636,CUST00113,2024-02-18,54.01
ORD000150,CUST00310,2024-02-18,210.77
ORD002638,CUST00231,2024-02-19,42.72
ORD002144,CUST00310,2024-02-19,10.77
ORD004549,CUST00635,2024-02-19,222.91
ORD003805,CUST00104,2024-02-19,46.34
ORD004529,CUST00790,2024-02-19,117.29
ORD004834,CUST00668,2024-02-19,289.48
ORD000625,CUST00319,2024-02-20,90.97
ORD004313,CUST00714,2024-02-20,188.55
ORD003113,CUST00981,2024-02-20,270.35
ORD005105,CUST00983,2024-02-20,407.72
ORD005497,CUST00866,2024-02-20,39.29
ORD001209,CUST00770,2024-02-20,127.85
ORD000764,CUST00114,2024-02-20,222.85
ORD004390,CUST00046,2024-02-20,161.55
ORD004707,CUST00635,2024-02-20,575.69
ORD001585,CUST00177,2024-02-21,369.36
ORD004496,CUST00835,2024-02-21,570.18
ORD002070,CUST00012,2024-02-21,67.65
ORD001283,CUST00168,2024-02-21,14.79
ORD002371,CUST00255,2024-02-21,23.3
ORD003102,CUST00717,2024-02-21,1238.4
ORD002563,CUST00482,2024-02-21,355.07
ORD001066,CUST00344,2024-02-21,526.07
ORD005044,CUST00650,2024-02-21,24.86
ORD005190,CUST00480,2024-02-22,105.21
ORD005099,CUST00322,2024-02-22,98.12
ORD000598,CUST00085,2024-02-22,16.88
ORD003337,CUST00664,2024-02-22,54.83
ORD002290,CUST00872,2024-02-22,227.43
ORD004743,CUST00989,2024-02-22,128.64
ORD001891,CUST00165,2024-02-23,19.55
ORD002406,CUST00755,2024-02-23,165.33
ORD004678,CUST00327,2024-02-23,186.88
ORD003460,CUST00168,2024-02-23,283.41
ORD005074,CUST00739,2024-02-23,81.62
ORD004685,CUST00046,2024-02-23,49.06
ORD005736,CUST00562,2024-02-23,28.72
ORD001098,CUST00170,2024-02-23,87.32
ORD003422,CUST00983,2024-02-24,97.24
ORD000482,CUST00745,2024-02-24,336.91
ORD004309,CUST00406,2024-02-24,15.73
ORD004852,CUST00975,2024-02-24,83.6
ORD000589,CUST00764,2024-02-24,152.27
ORD002297,CUST00257,2024-02-24,50.69
ORD002958,CUST00284,2024-02-24,8.21
ORD004845,CUST00647,2024-02-24,263.28
ORD004826,CUST00008,2024-02-24,394.51
ORD000317,CUST00815,2024-02-25,19.36
ORD004741,CUST00811,2024-02-25,338.15
ORD003186,CUST00282,2024-02-25,281.09
ORD004876,CUST00942,2024-02-25,155.45
ORD004573,CUST00866,2024-02-25,317.7
ORD003346,CUST00758,2024-02-25,69.01
ORD005663,CUST00771,2024-02-25,25.9
ORD000751,CUST00380,2024-02-25,861.57
ORD003397,CUST00697,2024-02-25,190.06
ORD005556,CUST00517,2024-02-25,295.38
ORD003544,CUST00753,2024-02-25,104.9
ORD000816,CUST00991,2024-02-25,25.53
ORD004288,CUST00755,2024-02-25,11.34
ORD002807,CUST00769,2024-02-25,97.24
ORD004289,CUST00952,2024-02-26,11.34
ORD003204,CUST00537,2024-02-26,27.26
ORD003136,CUST00751,2024-02-26,113.64
ORD002349,CUST00859,2024-02-26,881.28
ORD000623,CUST00302,2024-02-26,27.26
ORD004716,CUST00153,2024-02-26,11.34
ORD005912,CUST00642,2024-02-26,7.17
ORD005242,CUST00944,2024-02-26,44.47
ORD001752,CUST00873,2024-02-26,17.4
ORD000494,CUST00668,2024-02-26,23.28
ORD005588,CUST00863,2024-02-26,532.61
ORD001733,CUST00114,2024-02-26,236.01
ORD001844,CUST00852,2024-02-26,78.27
ORD004239,CUST00373,2024-02-26,105.21
ORD005383,CUST00921,2024-02-27,105.45
ORD005570,CUST00055,2024-02-27,807.72
ORD004871,CUST00373,2024-02-27,8.21
ORD004556,CUST00025,2024-02-27,140.43
ORD002088,CUST00025,2024-02-27,50.56
ORD002248,CUST00183,2024-02-27,421.64
ORD004736,CUST00170,2024-02-27,111.02
ORD000409,CUST00511,2024-02-27,46.81
ORD003202,CUST00290,2024-02-28,59.94
ORD000367,CUST00639,2024-02-28,23.15
ORD005534,CUST00745,2024-02-28,42.66
ORD004227,CUST00863,2024-02-28,16.88
ORD000333,CUST00208,2024-02-28,17.48
ORD003285,CUST00638,2024-02-28,621.54
ORD001859,CUST00230,2024-02-28,366.62
ORD004190,CUST00933,2024-02-28,24.53
ORD001017,CUST00745,2024-02-28,1244.45
ORD005992,CUST00065,2024-02-28,46.48
ORD001715,CUST00511,2024-02-28,444.96
ORD003744,CUST00920,2024-02-28,118.15
ORD002998,CUST00645,2024-02-28,32.74
ORD003995,CUST00804,2024-02-29,116.2
ORD000538,CUST00682,2024-02-29,147.51
ORD002469,CUST00324,2024-02-29,226.73
ORD002424,CUST00543,2024-02-29,10.77
ORD005571,CUST00302,2024-02-29,319.37
ORD001662,CUST00322,2024-02-29,237.02
ORD002249,CUST00640,2024-02-29,131.78
ORD002333,CUST00058,2024-02-29,41.52
ORD004267,CUST00489,2024-02-29,336.91
ORD001620,CUST00734,2024-02-29,28.72
ORD002776,CUST00008,2024-02-29,357.93
ORD005476,CUST00948,2024-02-29,139.3
ORD004546,CUST00090,2024-02-29,104.24
ORD003060,CUST00895,2024-02-29,194.48
ORD000335,CUST00784,2024-03-01,79.04
ORD002271,CUST00957,2024-03-01,163.97
ORD005272,CUST00371,2024-03-01,13.66
ORD000774,CUST00344,2024-03-01,313.99
ORD003839,CUST00608,2024-03-01,23.15
ORD002750,CUST00032,2024-03-01,712.81
ORD000953,CUST00943,2024-03-01,46.48
ORD005065,CUST00303,2024-03-01,146.86
ORD005172,CUST00079,2024-03-01,97.04
ORD001467,CUST00302,2024-03-02,39.34
ORD001107,CUST00183,2024-03-02,197.04
ORD004536,CUST00791,2024-03-02,404.07
ORD002873,CUST00222,2024-03-02,320.06
ORD001175,CUST00298,2024-03-02,522.78
ORD005898,CUST00344,2024-03-02,604.28
ORD002462,CUST00784,2024-03-02,24.53
ORD003470,CUST00262,2024-03-02,52.05
ORD002690,CUST00155,2024-03-02,120.73
ORD002059,CUST00800,2024-03-02,44.16
ORD003432,CUST00427,2024-03-03,226.73
ORD004669,CUST00531,2024-03-03,83.6
ORD004702,CUST00483,2024-03-03,384.15
ORD005993,CUST00697,2024-03-03,41.52
ORD000699,CUST00587,2024-03-03,87.42
ORD004176,CUST00370,2024-03-03,47.78
ORD000347,CUST00462,2024-03-03,892.16
ORD000456,CUST00431,2024-03-03,230.79
ORD002655,CUST00276,2024-03-03,304.88
ORD003586,CUST00671,2024-03-03,98.25
ORD000877,CUST00149,2024-03-03,23.3
ORD005691,CUST00380,2024-03-04,23.3
ORD002720,CUST00574,2024-03-04,21.99
ORD004659,CUST00628,2024-03-04,303.22
ORD004008,CUST00650,2024-03-04,5.8
ORD004600,CUST00334,2024-03-04,119.87
ORD000029,CUST00481,2024-03-04,297.46
ORD005441,CUST00279,2024-03-04,25.69
ORD005336,CUST00642,2024-03-04,64.38
ORD002767,CUST00567,2024-03-04,989.24
ORD003788,CUST00058,2024-03-04,179.81
ORD004238,CUST00177,2024-03-05,67.76
ORD001048,CUST00334,2024-03-05,291.59
ORD001191,CUST00275,2024-03-05,343.21
ORD001924,CUST00193,2024-03-05,4.93
ORD002260,CUST00128,2024-03-05,83.35
ORD001230,CUST00893,2024-03-05,156.89
ORD002775,CUST00561,2024-03-05,16.88
ORD004642,CUST00574,2024-03-05,49.06
ORD003676,CUST00686,2024-03-05,283.41
ORD002581,CUST00368,2024-03-06,7.39
ORD005798,CUST00963,2024-03-06,17.48
ORD000820,CUST00393,2024-03-06,60.63
ORD002148,CUST00957,2024-03-06,46.3
ORD001826,CUST00769,2024-03-06,843.43
ORD000881,CUST00211,2024-03-06,336.91
ORD000344,CUST00384,2024-03-06,38.89
ORD001815,CUST00747,2024-03-06,23.17
ORD003078,CUST00656,2024-03-06,134.28
ORD000875,CUST00115,2024-03-06,54.52
ORD004787,CUST00974,2024-03-07,286.37
ORD003795,CUST00411,2024-03-07,39.71
ORD004725,CUST00434,2024-03-07,44.16
ORD004499,CUST00084,2024-03-07,111.43
ORD000911,CUST00288,2024-03-07,101.76
ORD005589,CUST00297,2024-03-08,743.42
ORD000001,CUST00423,2024-03-08,670.51
ORD000169,CUST00516,2024-03-08,392.87
ORD001488,CUST00941,2024-03-08,206.71
ORD001321,CUST00032,2024-03-08,549.04
ORD002138,CUST00323,2024-03-08,629.91
ORD003325,CUST00721,2024-03-08,813.34
ORD002361,CUST00395,2024-03-08,242.85
ORD001169,CUST00200,2024-03-08,191.36
ORD004440,CUST00417,2024-03-09,17.4
ORD003888,CUST00769,2024-03-09,459.95
ORD004771,CUST00519,2024-03-09,532.61
ORD004591,CUST00957,2024-03-09,470.29
ORD003140,CUST00892,2024-03-09,212.07
ORD000378,CUST00607,2024-03-09,46.3
ORD003169,CUST00677,2024-03-09,390.3
ORD001655,CUST00961,2024-03-10,129.38
ORD000824,CUST00038,2024-03-10,529.44
ORD004668,CUST00269,2024-03-10,383.7
ORD005621,CUST00045,2024-03-10,92.38
ORD000242,CUST00242,2024-03-10,90.94
ORD002026,CUST00385,2024-03-10,259.74
ORD004474,CUST00397,2024-03-10,355.32
ORD004427,CUST00420,2024-03-10,218.79
ORD004968,CUST00690,2024-03-10,11.02
ORD004585,CUST00836,2024-03-10,610.57
ORD003573,CUST00650,2024-03-10,339.86
ORD002719,CUST00965,2024-03-10,36.67
ORD001551,CUST00333,2024-03-11,370.83
ORD005586,CUST00617,2024-03-11,673.82
ORD005062,CUST00526,2024-03-11,43.71
ORD003023,CUST00974,2024-03-11,140.55
ORD001469,CUST00502,2024-03-11,383.39
ORD001835,CUST00857,2024-03-11,167.63
ORD005611,CUST00902,2024-03-11,187.7
ORD002243,CUST00439,2024-03-11,380.69
ORD001057,CUST00170,2024-03-11,189.27
ORD001238,CUST00529,2024-03-11,123.31
ORD000441,CUST00098,2024-03-11,110.69
ORD005329,CUST00645,2024-03-11,8.21
ORD004223,CUST00784,2024-03-11,730.94
ORD000664,CUST00567,2024-03-11,194.48
ORD003395,CUST00890,2024-03-12,126.18
ORD005030,CUST00222,2024-03-12,56.44
ORD003361,CUST00420,2024-03-12,283.41
ORD002765,CUST00256,2024-03-12,283.41
ORD005787,CUST00170,2024-03-12,690.91
ORD001943,CUST00138,2024-03-12,237.64
ORD002603,CUST00884,2024-03-12,361.11
ORD005943,CUST00536,2024-03-12,63.09
ORD004976,CUST00302,2024-03-12,23.15
ORD005527,CUST00096,2024-03-12,63.09
ORD004406,CUST00445,2024-03-13,160.54
ORD002191,CUST00633,2024-03-13,28.72
ORD001785,CUST00688,2024-03-13,7.6
ORD004356,CUST00280,2024-03-13,301.49
ORD004169,CUST00903,2024-03-13,179.95
ORD002275,CUST00619,2024-03-13,110.92
ORD002347,CUST00954,2024-03-13,346.5
ORD000003,CUST00572,2024-03-13,30.31
ORD005252,CUST00048,2024-03-13,1095.74
ORD001773,CUST00968,2024-03-13,73.78
ORD002295,CUST00755,2024-03-13,42.98
ORD005566,CUST00280,2024-03-13,39.51
ORD004421,CUST00179,2024-03-13,186.88
ORD004781,CUST00506,2024-03-13,10.77
ORD005031,CUST00719,2024-03-14,41.8
ORD001381,CUST00608,2024-03-14,336.91
ORD005382,CUST00674,2024-03-14,255.07
ORD005152,CUST00735,2024-03-14,31.91
ORD002398,CUST00128,2024-03-14,91.08
ORD000652,CUST00179,2024-03-14,8.21
ORD003348,CUST00434,2024-03-14,380.12
ORD004117,CUST00702,2024-03-14,929.73
ORD005334,CUST00756,2024-03-14,620.58
ORD005925,CUST00968,2024-03-14,98.58
ORD004935,CUST00930,2024-03-14,114.27
ORD003416,CUST00999,2024-03-14,8.21
ORD002004,CUST00755,2024-03-14,283.41
ORD005794,CUST00242,2024-03-14,152.05
ORD001925,CUST00226,2024-03-15,39.34
ORD001163,CUST00424,2024-03-15,96.31
ORD005705,CUST00983,2024-03-15,11.34
ORD000925,CUST00935,2024-03-15,102.29
ORD002305,CUST00041,2024-03-15,4.93
ORD001245,CUST00215,2024-03-15,298.58
ORD002641,CUST00923,2024-03-15,133.55
ORD005229,CUST00917,2024-03-15,205.12
ORD001928,CUST00886,2024-03-15,168.79
ORD005807,CUST00733,2024-03-15,23.15
ORD002355,CUST00534,2024-03-16,151.76
ORD002425,CUST00238,2024-03-16,118.02
ORD000141,CUST00085,2024-03-16,190.06
ORD005591,CUST00832,2024-03-16,180.65
ORD000645,CUST00544,2024-03-16,6.75
ORD001424,CUST00985,2024-03-16,16.42
ORD002135,CUST00136,2024-03-16,218.79
ORD004657,CUST00726,2024-03-16,52.9
ORD000116,CUST00795,2024-03-16,355.07
ORD000573,CUST00671,2024-03-16,562.11
ORD001266,CUST00149,2024-03-17,33.94
ORD002008,CUST00128,2024-03-17,77.69
ORD002414,CUST00006,2024-03-17,117.16
ORD003933,CUST00603,2024-03-17,726.21
ORD002739,CUST00086,2024-03-17,125.4
ORD001541,CUST00644,2024-03-17,186.88
ORD005347,CUST00758,2024-03-17,54.51
ORD002175,CUST00930,2024-03-17,24.53
ORD005961,CUST00401,2024-03-17,536.56
ORD004919,CUST00234,2024-03-17,205.5
ORD002645,CUST00622,2024-03-17,255.0
ORD003112,CUST00222,2024-03-17,180.56
ORD003564,CUST00327,2024-03-17,264.3
ORD002798,CUST00974,2024-03-17,190.06
ORD003596,CUST00697,2024-03-18,206.54
ORD005721,CUST00225,2024-03-18,41.83
ORD002422,CUST00833,2024-03-18,100.32
ORD005741,CUST00398,2024-03-18,336.91
ORD005740,CUST00041,2024-03-18,299.14
ORD000693,CUST00339,2024-03-18,347.12
ORD000052,CUST00038,2024-03-18,936.12
ORD005934,CUST00038,2024-03-18,91.08
ORD003512,CUST00522,2024-03-18,576.14
ORD000435,CUST00063,2024-03-18,74.43
ORD001391,CUST00849,2024-03-19,893.08
ORD004881,CUST00074,2024-03-19,174.26
ORD002204,CUST00434,2024-03-19,168.19
ORD000328,CUST00682,2024-03-19,487.71
ORD000717,CUST00511,2024-03-19,380.28
ORD001376,CUST00222,2024-03-19,19.68
ORD000848,CUST00584,2024-03-19,159.81
ORD003160,CUST00830,2024-03-19,210.18
ORD001796,CUST00747,2024-03-19,99.68
ORD002580,CUST00892,2024-03-19,105.56
ORD003077,CUST00114,2024-03-19,179.02
ORD005002,CUST00881,2024-03-19,478.5
ORD003178,CUST00339,2024-03-19,119.19
ORD001994,CUST00822,2024-03-20,16.61
ORD000275,CUST00816,2024-03-20,24.53
ORD001473,CUST00409,2024-03-20,295.23
ORD001412,CUST00994,2024-03-20,56.78
ORD005017,CUST00146,2024-03-20,25.9
ORD005799,CUST00389,2024-03-20,186.88
ORD001569,CUST00522,2024-03-20,83.49
ORD003844,CUST00216,2024-03-20,397.6
ORD003720,CUST00726,2024-03-21,203.27
ORD000375,CUST00372,2024-03-21,88.31
ORD000372,CUST00650,2024-03-21,47.96
ORD003367,CUST00680,2024-03-21,62.32
ORD002291,CUST00934,2024-03-22,34.96
ORD005996,CUST00833,2024-03-22,16.04
ORD004729,CUST00160,2024-03-22,119.19
ORD001223,CUST00561,2024-03-22,314.87
ORD005643,CUST00699,2024-03-22,5.51
ORD003491,CUST00063,2024-03-22,566.82
ORD001262,CUST00701,2024-03-22,465.17
ORD002757,CUST00131,2024-03-22,403.28
ORD000302,CUST00406,2024-03-22,603.47
ORD002829,CUST00068,2024-03-22,92.38
ORD005083,CUST00573,2024-03-22,380.12
ORD005762,CUST00820,2024-03-22,177.54
ORD003649,CUST00215,2024-03-22,83.05
ORD001976,CUST00774,2024-03-22,105.56
ORD005136,CUST00645,2024-03-22,99.7
ORD002486,CUST00804,2024-03-23,16.65
ORD000450,CUST00830,2024-03-23,161.55
ORD005218,CUST00270,2024-03-23,84.03
ORD000836,CUST00492,2024-03-23,529.73
ORD004031,CUST00338,2024-03-23,139.44
ORD001310,CUST00146,2024-03-23,280.5
ORD001754,CUST00894,2024-03-23,116.43
ORD003090,CUST00645,2024-03-23,148.92
ORD004680,CUST00015,2024-03-23,46.48
ORD002344,CUST00256,2024-03-23,317.7
ORD004699,CUST00892,2024-03-23,124.29
ORD000481,CUST00384,2024-03-24,173.98
ORD003786,CUST00755,2024-03-24,760.65
ORD003884,CUST00447,2024-03-24,949.45
ORD004385,CUST00747,2024-03-24,194.05
ORD003853,CUST00401,2024-03-24,400.7
ORD004391,CUST00639,2024-03-24,629.5
ORD001279,CUST00193,2024-03-24,355.02
ORD003296,CUST00522,2024-03-24,5.8
ORD003488,CUST00572,2024-03-24,462.94
ORD001337,CUST00690,2024-03-24,191.51
ORD003816,CUST00356,2024-03-24,269.24
ORD005910,CUST00306,2024-03-24,909.66
ORD004329,CUST00454,2024-03-25,487.17
ORD001604,CUST00719,2024-03-25,283.48
ORD003231,CUST00076,2024-03-25,56.78
ORD003022,CUST00607,2024-03-25,63.09
ORD005966,CUST00421,2024-03-25,506.26
ORD001457,CUST00353,2024-03-25,73.26
ORD005716,CUST00599,2024-03-25,342.11
ORD001195,CUST00902,2024-03-26,9.64
ORD003165,CUST00269,2024-03-26,7.8
ORD005959,CUST00948,2024-03-26,22.68
ORD005633,CUST00544,2024-03-26,197.04
ORD002948,CUST00285,2024-03-26,43.61
ORD001206,CUST00188,2024-03-26,127.36
ORD005108,CUST00079,2024-03-26,791.11
ORD002401,CUST00534,2024-03-26,559.15
ORD005463,CUST00827,2024-03-27,235.94
ORD001712,CUST00352,2024-03-27,8.21
ORD002126,CUST00890,2024-03-28,431.47
ORD000412,CUST00734,2024-03-28,82.34
ORD003191,CUST00223,2024-03-28,63.09
ORD002239,CUST00053,2024-03-28,398.77
ORD004592,CUST00474,2024-03-28,190.06
ORD001568,CUST00665,2024-03-28,88.31
ORD002583,CUST00554,2024-03-28,117.06
ORD002751,CUST00313,2024-03-28,43.71
ORD000490,CUST00086,2024-03-28,268.72
ORD000551,CUST00211,2024-03-28,157.56
ORD001921,CUST00440,2024-03-28,186.88
ORD005132,CUST00192,2024-03-29,416.39
ORD004365,CUST00815,2024-03-29,8.21
ORD000136,CUST00115,2024-03-29,446.37
ORD001889,CUST00526,2024-03-29,388.69
ORD004782,CUST00048,2024-03-29,7.39
ORD003131,CUST00038,2024-03-29,33.9
ORD000692,CUST00025,2024-03-29,23.17
ORD004005,CUST00298,2024-03-30,422.35
ORD000038,CUST00710,2024-03-30,39.79
ORD003689,CUST00298,2024-03-30,114.99
ORD001460,CUST00878,2024-03-30,31.91
ORD004714,CUST00565,2024-03-30,92.38
ORD004710,CUST00744,2024-03-30,372.38
ORD002464,CUST00917,2024-03-30,704.92
ORD005289,CUST00368,2024-03-30,117.29
ORD003881,CUST00065,2024-03-30,399.73
ORD004977,CUST00298,2024-03-30,485.89
ORD000093,CUST00907,2024-03-30,117.29
ORD005506,CUST00249,2024-03-30,234.58
ORD002597,CUST00026,2024-03-30,5.22
ORD003067,CUST00865,2024-03-30,94.14
ORD005256,CUST00333,2024-03-30,320.09
ORD000004,CUST00149,2024-03-30,246.99
ORD003490,CUST00878,2024-03-30,381.38
ORD003721,CUST00242,2024-03-30,190.56
ORD001300,CUST00193,2024-03-31,87.69
ORD004173,CUST00265,2024-03-31,57.44
ORD002735,CUST00063,2024-03-31,8.44
ORD003745,CUST00954,2024-03-31,202.07
ORD005938,CUST00131,2024-03-31,88.31
ORD004471,CUST00238,2024-03-31,103.07
ORD005370,CUST00114,2024-03-31,24.53
ORD004793,CUST00222,2024-03-31,137.79
ORD002287,CUST00956,2024-03-31,161.83
ORD002408,CUST00811,2024-03-31,343.35
ORD000614,CUST00156,2024-04-01,270.05
ORD000252,CUST00570,2024-04-01,290.04
ORD000466,CUST00852,2024-04-01,197.04
ORD000560,CUST00686,2024-04-01,98.84
ORD005734,CUST00456,2024-04-01,157.14
ORD002884,CUST00453,2024-04-01,83.98
ORD001863,CUST00087,2024-04-01,31.36
ORD000550,CUST00342,2024-04-01,1212.58
ORD004340,CUST00879,2024-04-01,354.39
ORD005285,CUST00318,2024-04-02,350.19
ORD004810,CUST00216,2024-04-02,187.12
ORD005234,CUST00581,2024-04-02,59.94
ORD004170,CUST00534,2024-04-02,25.9
ORD005838,CUST00645,2024-04-02,570.18
ORD003847,CUST00699,2024-04-02,158.85
ORD001161,CUST00833,2024-04-02,194.48
ORD002288,CUST00984,2024-04-02,218.44
ORD002495,CUST00950,2024-04-02,54.51
ORD003233,CUST00892,2024-04-02,48.35
ORD001862,CUST00179,2024-04-02,281.22
ORD003641,CUST00668,2024-04-02,94.14
ORD001822,CUST00193,2024-04-02,17.48
ORD000499,CUST00892,2024-04-03,56.78
ORD004028,CUST00347,2024-04-03,10.21
ORD002881,CUST00431,2024-04-03,16.61
ORD003849,CUST00280,2024-04-03,37.45
ORD004851,CUST00110,2024-04-03,571.08
ORD001522,CUST00155,2024-04-03,31.91
ORD000495,CUST00141,2024-04-03,185.8
ORD002654,CUST00197,2024-04-03,235.94
ORD001694,CUST00645,2024-04-03,735.01
ORD000657,CUST00447,2024-04-03,59.94
ORD000756,CUST00892,2024-04-04,8.44
ORD004995,CUST00448,2024-04-04,473.25
ORD002529,CUST00793,2024-04-04,83.66
ORD003812,CUST00502,2024-04-04,291.85
ORD005435,CUST00770,2024-04-04,159.49
ORD004582,CUST00544,2024-04-04,46.33
ORD002009,CUST00371,2024-04-04,543.35
ORD005862,CUST00005,2024-04-04,364.41
ORD004768,CUST00929,2024-04-04,249.94
ORD004112,CUST00103,2024-04-04,1108.19
ORD001133,CUST00017,2024-04-05,69.58
ORD000772,CUST00147,2024-04-05,98.83
ORD000882,CUST00912,2024-04-05,95.27
ORD002067,CUST00244,2024-04-05,148.65
ORD001450,CUST00929,2024-04-05,473.47
ORD003659,CUST00179,2024-04-05,238.83
ORD000012,CUST00564,2024-04-05,429.87
ORD003001,CUST00892,2024-04-05,89.48
ORD000954,CUST00206,2024-04-06,8.21
ORD000828,CUST00133,2024-04-06,197.32
ORD004792,CUST00395,2024-04-06,104.92
ORD004444,CUST00064,2024-04-06,54.51
ORD003076,CUST00274,2024-04-06,319.83
ORD000097,CUST00244,2024-04-06,337.92
ORD003536,CUST00602,2024-04-06,194.48
ORD000895,CUST00884,2024-04-06,93.62
ORD005342,CUST00947,2024-04-06,17.48
ORD003928,CUST00758,2024-04-06,336.91
ORD004937,CUST00715,2024-04-06,47.92
ORD004113,CUST00842,2024-04-07,119.64
ORD000112,CUST00923,2024-04-07,96.9
ORD001273,CUST00280,2024-04-07,241.16
ORD001220,CUST00748,2024-04-07,88.29
ORD000631,CUST00649,2024-04-07,25.32
ORD001779,CUST00542,2024-04-07,297.85
ORD005584,CUST00682,2024-04-07,59.94
ORD003239,CUST00262,2024-04-07,378.73
ORD001152,CUST00284,2024-04-07,175.62
ORD004630,CUST00601,2024-04-07,438.67
ORD004693,CUST00310,2024-04-07,332.25
ORD002992,CUST00149,2024-04-08,273.98
ORD003986,CUST00324,2024-04-08,21.99
ORD004231,CUST00830,2024-04-08,116.13
ORD005811,CUST00758,2024-04-08,11.34
ORD003672,CUST00007,2024-04-08,398.74
ORD005425,CUST00159,2024-04-08,44.47
ORD000946,CUST00334,2024-04-08,1262.19
ORD005085,CUST00139,2024-04-09,190.06
ORD004932,CUST00323,2024-04-09,664.66
ORD004260,CUST00771,2024-04-09,41.67
ORD001410,CUST00057,2024-04-09,63.09
ORD000208,CUST00974,2024-04-09,1020.25
ORD002242,CUST00776,2024-04-09,25.32
ORD003366,CUST00480,2024-04-09,86.91
ORD000468,CUST00811,2024-04-10,303.22
ORD002742,CUST00479,2024-04-10,372.13
ORD001278,CUST00742,2024-04-10,458.43
ORD000638,CUST00275,2024-04-10,78.9
ORD001543,CUST00390,2024-04-10,82.65
ORD004877,CUST00348,2024-04-10,23.15
ORD001304,CUST00067,2024-04-10,407.88
ORD001210,CUST00836,2024-04-10,323.1
ORD000363,CUST00866,2024-04-11,51.06
ORD002839,CUST00327,2024-04-11,291.61
ORD004009,CUST00798,2024-04-11,23.15
ORD001600,CUST00176,2024-04-11,216.35
ORD002037,CUST00368,2024-04-11,189.16
ORD004481,CUST00486,2024-04-11,194.48
ORD001492,CUST00758,2024-04-11,30.07
ORD002159,CUST00835,2024-04-11,408.32
ORD002134,CUST00531,2024-04-11,37.62
ORD005781,CUST00323,2024-04-11,13.98
ORD001123,CUST00228,2024-04-12,71.99
ORD005876,CUST00210,2024-04-12,46.48
ORD004808,CUST00634,2024-04-12,106.0
ORD002341,CUST00954,2024-04-12,91.21
ORD003550,CUST00882,2024-04-12,116.96
ORD005338,CUST00379,2024-04-12,87.42
ORD002864,CUST00234,2024-04-12,695.06
ORD002659,CUST00974,2024-04-12,265.9
ORD000675,CUST00994,2024-04-12,190.06
ORD005167,CUST00845,2024-04-12,598.73
ORD003633,CUST00507,2024-04-12,79.93
ORD005344,CUST00048,2024-04-12,115.17
ORD005263,CUST00446,2024-04-13,88.64
ORD001518,CUST00168,2024-04-13,101.22
ORD002707,CUST00027,2024-04-13,63.96
ORD004221,CUST00650,2024-04-13,563.49
ORD000255,CUST00872,2024-04-13,387.36
ORD005553,CUST00275,2024-04-13,336.91
ORD005774,CUST00667,2024-04-13,96.32
ORD005496,CUST00672,2024-04-13,69.55
ORD005826,CUST00480,2024-04-13,245.1
ORD002622,CUST00017,2024-04-13,447.48
ORD000703,CUST00435,2024-04-13,145.89
ORD001042,CUST00096,2024-04-13,413.24
ORD003465,CUST00948,2024-04-14,431.46
ORD005546,CUST00697,2024-04-14,80.64
ORD002994,CUST00491,2024-04-14,147.13
ORD005211,CUST00732,2024-04-14,46.3
ORD004212,CUST00396,2024-04-14,119.13
ORD002923,CUST00280,2024-04-14,170.86
ORD003885,CUST00372,2024-04-14,39.79
ORD001306,CUST00257,2024-04-14,76.36
ORD003894,CUST00740,2024-04-15,92.96
ORD002856,CUST00211,2024-04-15,7.17
ORD004302,CUST00895,2024-04-15,101.71
ORD004534,CUST00657,2024-04-15,128.31
ORD002049,CUST00853,2024-04-15,51.78
ORD000092,CUST00215,2024-04-15,206.02
ORD003875,CUST00432,2024-04-15,105.48
ORD003683,CUST00811,2024-04-15,140.61
ORD005743,CUST00289,2024-04-15,324.49
ORD001179,CUST00008,2024-04-15,8.21
ORD005247,CUST00401,2024-04-15,83.6
ORD003840,CUST00117,2024-04-15,24.53
ORD003097,CUST00031,2024-04-15,117.29
ORD004182,CUST00105,2024-04-15,80.35
ORD002733,CUST00937,2024-04-16,335.89
ORD005156,CUST00993,2024-04-16,93.62
ORD003498,CUST00630,2024-04-16,676.43
ORD003495,CUST00922,2024-04-16,359.49
ORD001582,CUST00231,2024-04-16,386.77
ORD000184,CUST00106,2024-04-16,442.66
ORD000697,CUST00189,2024-04-16,15.6
ORD004778,CUST00531,2024-04-16,50.7
ORD003127,CUST00305,2024-04-16,31.91
ORD004376,CUST00226,2024-04-16,27.26
ORD003145,CUST00645,2024-04-16,55.96
ORD002780,CUST00756,2024-04-16,23.17
ORD001549,CUST00968,2024-04-16,72.58
ORD000233,CUST00517,2024-04-16,39.79
ORD000766,CUST00352,2024-04-16,63.09
ORD000218,CUST00091,2024-04-17,57.51
ORD003877,CUST00573,2024-04-17,44.16
ORD003980,CUST00665,2024-04-17,382.44
ORD004069,CUST00717,2024-04-17,46.81
ORD004351,CUST00944,2024-04-17,196.91
ORD001632,CUST00964,2024-04-17,283.41
ORD000510,CUST00334,2024-04-17,144.2
ORD000312,CUST00769,2024-04-17,97.24
ORD001138,CUST00269,2024-04-17,336.91
ORD000731,CUST00635,2024-04-17,177.54
ORD003005,CUST00384,2024-04-18,83.22
ORD003120,CUST00052,2024-04-18,320.06
ORD003975,CUST00160,2024-04-18,24.53
ORD003747,CUST00443,2024-04-18,23.15
ORD001438,CUST00680,2024-04-18,184.76
ORD001578,CUST00226,2024-04-18,41.8
ORD001719,CUST00892,2024-04-19,28.25
ORD002703,CUST00816,2024-04-19,11.34
ORD004900,CUST00769,2024-04-19,34.96
ORD005049,CUST00711,2024-04-19,125.5
ORD000981,CUST00420,2024-04-19,87.52
ORD005665,CUST00827,2024-04-19,16.53
ORD003543,CUST00697,2024-04-19,354.28
ORD005181,CUST00682,2024-04-19,54.51
ORD003735,CUST00634,2024-04-20,1010.73
ORD005401,CUST00149,2024-04-20,295.06
ORD000019,CUST00310,2024-04-20,69.45
ORD000308,CUST00302,2024-04-20,50.8
ORD003349,CUST00227,2024-04-20,14.01
ORD000678,CUST00248,2024-04-20,320.06
ORD003100,CUST00280,2024-04-20,54.51
ORD002137,CUST00495,2024-04-20,82.6
ORD000231,CUST00736,2024-04-20,102.58
ORD000032,CUST00195,2024-04-20,51.78
ORD001508,CUST00041,2024-04-20,94.7
ORD003271,CUST00634,2024-04-21,150.73
ORD001965,CUST00856,2024-04-21,283.41
ORD001380,CUST00793,2024-04-21,24.53
ORD003882,CUST00633,2024-04-21,92.67
ORD000457,CUST00860,2024-04-21,104.91
ORD000148,CUST00617,2024-04-21,95.87
ORD001386,CUST00602,2024-04-21,378.71
ORD003759,CUST00750,2024-04-21,283.41
ORD003344,CUST00682,2024-04-21,181.68
ORD004075,CUST00485,2024-04-22,44.16
ORD004160,CUST00209,2024-04-22,579.17
ORD001560,CUST00984,2024-04-22,87.42
ORD002515,CUST00428,2024-04-22,557.24
ORD001251,CUST00236,2024-04-22,110.75
ORD000459,CUST00215,2024-04-23,288.2
ORD001546,CUST00751,2024-04-23,199.7
ORD001704,CUST00345,2024-04-23,378.98
ORD003802,CUST00192,2024-04-23,65.22
ORD002208,CUST00228,2024-04-23,50.57
ORD005200,CUST00351,2024-04-23,18.52
ORD004628,CUST00373,2024-04-23,7.6
ORD004780,CUST00804,2024-04-23,73.6
ORD003382,CUST00086,2024-04-23,71.39
ORD001890,CUST00706,2024-04-23,647.46
ORD002285,CUST00219,2024-04-23,46.48
ORD004294,CUST00646,2024-04-23,135.38
ORD000572,CUST00041,2024-04-23,177.54
ORD004734,CUST00344,2024-04-23,110.75
ORD005945,CUST00059,2024-04-24,106.34
ORD003472,CUST00593,2024-04-24,384.22
ORD003695,CUST00228,2024-04-24,380.12
ORD003376,CUST00211,2024-04-24,10.77
ORD000162,CUST00244,2024-04-24,132.47
ORD002747,CUST00079,2024-04-24,308.67
ORD003333,CUST00015,2024-04-24,79.04
ORD001483,CUST00714,2024-04-24,127.19
ORD000789,CUST00691,2024-04-24,97.24
ORD001259,CUST00149,2024-04-24,11.34
ORD001082,CUST00431,2024-04-25,109.02
ORD003653,CUST00771,2024-04-25,182.13
ORD000661,CUST00991,2024-04-25,559.19
ORD002999,CUST00136,2024-04-25,31.91
ORD002212,CUST00020,2024-04-25,915.9
ORD000248,CUST00568,2024-04-26,255.07
ORD000536,CUST00787,2024-04-26,81.78
ORD001644,CUST00141,2024-04-26,25.32
ORD000847,CUST00833,2024-04-26,163.39
ORD002157,CUST00645,2024-04-26,80.97
ORD005521,CUST00280,2024-04-26,110.75
ORD000188,CUST00164,2024-04-26,223.92
ORD001033,CUST00480,2024-04-26,8.02
ORD000643,CUST00577,2024-04-27,283.41
ORD005474,CUST00446,2024-04-27,139.0
ORD002474,CUST00372,2024-04-27,11.34
ORD002700,CUST00736,2024-04-27,292.22
ORD003687,CUST00886,2024-04-27,105.56
ORD004531,CUST00645,2024-04-27,177.23
ORD003814,CUST00058,2024-04-27,46.48
ORD004957,CUST00391,2024-04-27,373.76
ORD003208,CUST00558,2024-04-28,1014.15
ORD003711,CUST00635,2024-04-28,46.81
ORD005619,CUST00180,2024-04-28,83.6
ORD001016,CUST00628,2024-04-28,88.31
ORD002849,CUST00302,2024-04-28,8.44
ORD003733,CUST00451,2024-04-29,42.13
ORD000235,CUST00544,2024-04-29,591.53
ORD003163,CUST00325,2024-04-29,172.48
ORD005860,CUST00697,2024-04-29,173.9
ORD002342,CUST00048,2024-04-29,358.9
ORD005009,CUST00684,2024-04-29,112.25
ORD003017,CUST00219,2024-04-29,94.3
ORD004245,CUST00216,2024-04-29,482.96
ORD000951,CUST00706,2024-04-29,481.24
ORD002961,CUST00371,2024-04-29,924.27
ORD002953,CUST00557,2024-04-29,111.46
ORD000487,CUST00439,2024-04-29,314.16
ORD003869,CUST00579,2024-04-30,46.48
ORD000237,CUST00682,2024-04-30,123.6
ORD005350,CUST00546,2024-04-30,186.88
ORD005179,CUST00468,2024-04-30,63.09
ORD002136,CUST00337,2024-04-30,110.75
ORD001414,CUST00249,2024-04-30,22.68
ORD001973,CUST00206,2024-04-30,139.57
ORD003227,CUST00041,2024-04-30,190.06
ORD003982,CUST00348,2024-04-30,269.54
ORD004404,CUST00851,2024-04-30,82.65
ORD004751,CUST00105,2024-04-30,188.25
ORD002816,CUST00884,2024-04-30,155.69
ORD004677,CUST00583,2024-04-30,623.73
ORD002924,CUST00617,2024-05-01,16.42
ORD001454,CUST00323,2024-05-01,410.51
ORD001055,CUST00269,2024-05-01,41.8
ORD001100,CUST00522,2024-05-01,199.35
ORD003269,CUST00672,2024-05-01,243.02
ORD001907,CUST00507,2024-05-01,167.53
ORD003198,CUST00815,2024-05-01,377.31
ORD005051,CUST00149,2024-05-01,34.96
ORD003144,CUST00670,2024-05-01,52.41
ORD000262,CUST00504,2024-05-02,336.91
ORD001595,CUST00603,2024-05-02,673.82
ORD001765,CUST00117,2024-05-02,345.35
ORD000500,CUST00193,2024-05-02,437.63
ORD003164,CUST00687,2024-05-02,11.34
ORD005941,CUST00409,2024-05-02,210.18
ORD001888,CUST00645,2024-05-02,15.6
ORD003973,CUST00096,2024-05-02,186.88
ORD000917,CUST00534,2024-05-02,484.65
ORD000797,CUST00861,2024-05-02,22.08
ORD004870,CUST00448,2024-05-02,25.9
ORD003107,CUST00141,2024-05-02,298.07
ORD001176,CUST00567,2024-05-03,269.24
ORD001670,CUST00144,2024-05-03,260.48
ORD003753,CUST00978,2024-05-03,66.11
ORD002409,CUST00641,2024-05-03,325.86
ORD003807,CUST00044,2024-05-03,47.03
ORD005752,CUST00645,2024-05-03,49.07
ORD001113,CUST00238,2024-05-03,37.7
ORD000599,CUST00578,2024-05-03,105.68
ORD001601,CUST00617,2024-05-03,230.17
ORD002510,CUST00741,2024-05-03,22.08
ORD005157,CUST00164,2024-05-04,348.75
ORD004281,CUST00334,2024-05-04,119.87
ORD001983,CUST00939,2024-05-04,162.51
ORD005660,CUST00156,2024-05-04,103.15
ORD003552,CUST00358,2024-05-04,128.14
ORD001093,CUST00045,2024-05-04,17.48
ORD001345,CUST00578,2024-05-04,246.9
ORD002985,CUST00747,2024-05-04,21.99
ORD004455,CUST00757,2024-05-05,16.42
ORD004620,CUST00892,2024-05-05,76.97
ORD000247,CUST00342,2024-05-05,37.04
ORD003781,CUST00401,2024-05-05,34.96
ORD001707,CUST00302,2024-05-05,21.81
ORD000506,CUST00952,2024-05-05,264.57
ORD002968,CUST00389,2024-05-05,20.84
ORD001638,CUST00948,2024-05-06,132.48
ORD005979,CUST00747,2024-05-06,27.26
ORD002714,CUST00585,2024-05-06,174.73
ORD000944,CUST00156,2024-05-06,114.53
ORD000596,CUST00421,2024-05-06,99.68
ORD003866,CUST00892,2024-05-06,30.31
ORD005937,CUST00674,2024-05-06,10.21
ORD001491,CUST00974,2024-05-06,317.7
ORD000041,CUST00784,2024-05-06,280.94
ORD002795,CUST00191,2024-05-07,48.11
ORD004051,CUST00769,2024-05-07,862.29
ORD003837,CUST00972,2024-05-07,17.48
ORD003590,CUST00922,2024-05-07,104.35
ORD000179,CUST00855,2024-05-07,17.48
ORD003289,CUST00595,2024-05-07,277.68
ORD000301,CUST00288,2024-05-07,167.99
ORD002527,CUST00079,2024-05-07,551.88
ORD004242,CUST00389,2024-05-07,221.5
ORD004924,CUST00618,2024-05-07,99.65
ORD004417,CUST00866,2024-05-08,34.02
ORD004855,CUST00612,2024-05-08,213.23
ORD005889,CUST00756,2024-05-08,68.29
ORD003619,CUST00033,2024-05-08,184.77
ORD003430,CUST00210,2024-05-08,46.81
ORD003425,CUST00351,2024-05-08,27.26
ORD001772,CUST00816,2024-05-08,135.15
ORD003776,CUST00650,2024-05-08,240.9
ORD005140,CUST00736,2024-05-08,697.73
ORD000656,CUST00313,2024-05-08,373.76
ORD000411,CUST00687,2024-05-09,59.94
ORD005929,CUST00334,2024-05-09,109.72
ORD001068,CUST00929,2024-05-09,37.15
ORD002015,CUST00468,2024-05-09,120.96
ORD000095,CUST00686,2024-05-09,339.28
ORD002643,CUST00045,2024-05-09,241.05
ORD004842,CUST00579,2024-05-09,479.57
ORD001653,CUST00810,2024-05-09,332.25
ORD003132,CUST00674,2024-05-09,630.68
ORD002431,CUST00887,2024-05-10,36.13
ORD002441,CUST00096,2024-05-10,119.64
ORD003899,CUST00312,2024-05-10,923.54
ORD000104,CUST00198,2024-05-10,46.48
ORD005779,CUST00620,2024-05-10,340.88
ORD001013,CUST00595,2024-05-10,82.65
ORD005025,CUST00219,2024-05-10,373.76
ORD005673,CUST00925,2024-05-10,28.72
ORD002911,CUST00515,2024-05-10,24.53
ORD003650,CUST00870,2024-05-10,623.92
ORD004047,CUST00027,2024-05-10,113.65
ORD000558,CUST00449,2024-05-10,812.0
ORD002636,CUST00048,2024-05-10,351.88
ORD001592,CUST00923,2024-05-10,43.71
ORD005094,CUST00385,2024-05-11,85.82
ORD000942,CUST00719,2024-05-11,105.21
ORD003309,CUST00530,2024-05-11,59.07
ORD004589,CUST00863,2024-05-11,106.43
ORD004033,CUST00963,2024-05-11,333.57
ORD002731,CUST00165,2024-05-11,23.15
ORD003949,CUST00806,2024-05-11,49.76
ORD004354,CUST00650,2024-05-11,46.81
ORD004161,CUST00957,2024-05-11,117.01
ORD004020,CUST00219,2024-05-12,5.22
ORD002613,CUST00047,2024-05-12,20.95
ORD002967,CUST00482,2024-05-12,90.94
ORD003787,CUST00941,2024-05-12,310.91
ORD003404,CUST00408,2024-05-12,41.36
ORD005974,CUST00930,2024-05-12,126.18
ORD002152,CUST00787,2024-05-12,74.31
ORD003168,CUST00994,2024-05-12,5.8
ORD000838,CUST00110,2024-05-12,65.98
ORD001899,CUST00286,2024-05-12,133.84
ORD000192,CUST00771,2024-05-13,9.64
ORD000331,CUST00967,2024-05-13,49.05
ORD000533,CUST00749,2024-05-13,41.8
ORD002797,CUST00645,2024-05-13,132.59
ORD004885,CUST00298,2024-05-13,62.54
ORD000583,CUST00047,2024-05-13,65.48
ORD002925,CUST00043,2024-05-13,63.09
ORD001269,CUST00554,2024-05-14,46.33
ORD005704,CUST00052,2024-05-14,48.39
ORD000502,CUST00228,2024-05-14,213.7
ORD001105,CUST00861,2024-05-14,60.05
ORD003637,CUST00707,2024-05-14,76.58
ORD004802,CUST00808,2024-05-15,236.28
ORD004493,CUST00048,2024-05-15,93.22
ORD003180,CUST00751,2024-05-15,283.41
ORD005904,CUST00940,2024-05-15,610.56
ORD004271,CUST00539,2024-05-15,248.37
ORD005428,CUST00680,2024-05-15,422.68
ORD004817,CUST00462,2024-05-15,233.77
ORD004727,CUST00670,2024-05-15,525.54
ORD003628,CUST00562,2024-05-15,538.48
ORD000993,CUST00656,2024-05-15,105.21
ORD004094,CUST00105,2024-05-15,357.22
ORD005808,CUST00197,2024-05-15,320.06
ORD001690,CUST00847,2024-05-15,103.94
ORD001812,CUST00757,2024-05-15,96.16
ORD003864,CUST00298,2024-05-15,8.44
ORD003511,CUST00073,2024-05-16,11.34
ORD002591,CUST00083,2024-05-16,16.88
ORD005068,CUST00673,2024-05-16,56.12
ORD005635,CUST00485,2024-05-16,106.42
ORD002445,CUST00509,2024-05-17,112.75
ORD005491,CUST00270,2024-05-17,140.43
ORD003631,CUST00132,2024-05-17,97.24
ORD002390,CUST00431,2024-05-17,336.67
ORD003219,CUST00940,2024-05-17,250.19
ORD004052,CUST00222,2024-05-17,290.35
ORD000927,CUST00599,2024-05-17,7.8
ORD002076,CUST00205,2024-05-17,65.58
ORD004249,CUST00409,2024-05-18,65.28
ORD002696,CUST00871,2024-05-18,223.46
ORD002353,CUST00195,2024-05-18,178.16
ORD004298,CUST00041,2024-05-18,484.65
ORD001193,CUST00406,2024-05-18,211.12
ORD003235,CUST00686,2024-05-18,850.23
ORD005110,CUST00310,2024-05-18,63.09
ORD002962,CUST00041,2024-05-18,230.08
ORD003290,CUST00284,2024-05-19,282.99
ORD000916,CUST00259,2024-05-19,481.69
ORD003393,CUST00569,2024-05-19,538.48
ORD004999,CUST00861,2024-05-19,11.34
ORD001429,CUST00184,2024-05-19,31.91
ORD000292,CUST00389,2024-05-19,19.23
ORD003770,CUST00500,2024-05-19,871.63
ORD001493,CUST00085,2024-05-19,1019.17
ORD001594,CUST00566,2024-05-19,177.54
ORD002405,CUST00244,2024-05-19,92.96
ORD002888,CUST00639,2024-05-19,5.22
ORD003530,CUST00537,2024-05-19,203.11
ORD000260,CUST00436,2024-05-20,400.83
ORD000719,CUST00863,2024-05-20,172.53
ORD000865,CUST00639,2024-05-20,25.9
ORD001482,CUST00511,2024-05-20,581.68
ORD000982,CUST00371,2024-05-20,273.01
ORD000143,CUST00719,2024-05-20,1205.21
ORD005216,CUST00634,2024-05-20,37.71
ORD005545,CUST00046,2024-05-20,24.53
ORD000968,CUST00966,2024-05-20,147.42
ORD000651,CUST00358,2024-05-20,56.78
ORD002721,CUST00974,2024-05-20,234.58
ORD000829,CUST00997,2024-05-21,180.56
ORD005235,CUST00106,2024-05-21,375.58
ORD000387,CUST00001,2024-05-21,88.14
ORD000684,CUST00838,2024-05-21,37.15
ORD003478,CUST00322,2024-05-21,283.41
ORD005760,CUST00302,2024-05-21,256.14
ORD001616,CUST00420,2024-05-21,240.02
ORD001343,CUST00635,2024-05-21,103.65
ORD002660,CUST00852,2024-05-21,294.16
ORD005935,CUST00921,2024-05-22,7.39
ORD002225,CUST00961,2024-05-22,7.39
ORD004925,CUST00994,2024-05-22,8.44
ORD002887,CUST00378,2024-05-22,103.16
ORD000278,CUST00338,2024-05-22,129.25
ORD003153,CUST00952,2024-05-22,355.07
ORD001659,CUST00115,2024-05-23,663.47
ORD002210,CUST00935,2024-05-23,16.61
ORD005305,CUST00826,2024-05-23,380.12
ORD000921,CUST00674,2024-05-23,376.23
ORD001527,CUST00430,2024-05-23,303.22
ORD004730,CUST00736,2024-05-23,359.0
ORD004857,CUST00314,2024-05-24,61.48
ORD003471,CUST00005,2024-05-24,558.38
ORD002443,CUST00736,2024-05-24,195.77
ORD001346,CUST00559,2024-05-24,149.2
ORD004961,CUST00392,2024-05-24,228.04
ORD000267,CUST00231,2024-05-24,111.99
ORD004779,CUST00431,2024-05-24,27.26
ORD001881,CUST00057,2024-05-24,183.62
ORD005258,CUST00232,2024-05-25,258.57
ORD001550,CUST00588,2024-05-25,226.73
ORD000322,CUST00051,2024-05-25,320.06
ORD005664,CUST00870,2024-05-25,39.71
ORD001968,CUST00334,2024-05-25,336.91
ORD005685,CUST00189,2024-05-25,9.64
ORD004346,CUST00044,2024-05-25,39.34
ORD004572,CUST00078,2024-05-25,59.15
ORD005687,CUST00261,2024-05-25,10.77
ORD005147,CUST00425,2024-05-26,215.6
ORD002897,CUST00585,2024-05-26,54.51
ORD001586,CUST00942,2024-05-26,47.34
ORD002110,CUST00974,2024-05-26,35.47
ORD005264,CUST00561,2024-05-26,720.3
ORD004738,CUST00892,2024-05-26,161.0
ORD002617,CUST00649,2024-05-26,380.12
ORD003784,CUST00388,2024-05-26,124.57
ORD004458,CUST00941,2024-05-26,543.95
ORD005555,CUST00945,2024-05-26,23.17
ORD001455,CUST00124,2024-05-26,53.63
ORD000473,CUST00197,2024-05-27,121.77
ORD003549,CUST00568,2024-05-27,296.87
ORD001308,CUST00026,2024-05-27,48.47
ORD001532,CUST00638,2024-05-27,85.51
ORD001146,CUST00568,2024-05-27,157.96
ORD005951,CUST00639,2024-05-27,15.73
ORD004312,CUST00452,2024-05-27,743.27
ORD001918,CUST00718,2024-05-27,581.76
ORD001078,CUST00440,2024-05-27,8.44
ORD005328,CUST00215,2024-05-27,49.06
ORD001972,CUST00215,2024-05-27,307.94
ORD001240,CUST00210,2024-05-28,511.29
ORD001139,CUST00947,2024-05-28,373.76
ORD000469,CUST00972,2024-05-28,51.78
ORD000359,CUST00399,2024-05-28,54.51
ORD003870,CUST00480,2024-05-28,39.71
ORD005964,CUST00595,2024-05-28,93.62
ORD001848,CUST00038,2024-05-28,177.2
ORD004764,CUST00358,2024-05-28,283.41
ORD003329,CUST00348,2024-05-29,234.58
ORD003352,CUST00470,2024-05-29,198.23
ORD001131,CUST00083,2024-05-29,67.22
ORD003913,CUST00193,2024-05-29,107.25
ORD003941,CUST00359,2024-05-29,364.9
ORD000613,CUST00926,2024-05-29,37.62
ORD001845,CUST00378,2024-05-29,91.22
ORD002794,CUST00892,2024-05-30,28.72
ORD004049,CUST00353,2024-05-30,82.02
ORD001389,CUST00399,2024-05-30,24.53
ORD002498,CUST00735,2024-05-30,309.24
ORD005574,CUST00582,2024-05-30,41.52
ORD000020,CUST00542,2024-05-30,188.28
ORD001405,CUST00271,2024-05-30,19.68
ORD005389,CUST00055,2024-05-30,278.29
ORD004838,CUST00213,2024-05-30,66.86
ORD003666,CUST00834,2024-05-31,54.51
ORD003615,CUST00313,2024-05-31,32.43
ORD002809,CUST00622,2024-05-31,210.42
ORD003273,CUST00357,2024-05-31,360.82
ORD003106,CUST00873,2024-05-31,373.76
ORD002814,CUST00935,2024-05-31,221.5
ORD005711,CUST00680,2024-05-31,56.78
ORD005839,CUST00399,2024-05-31,240.9
ORD001149,CUST00105,2024-06-01,61.19
ORD005402,CUST00851,2024-06-01,17.48
ORD002503,CUST00861,2024-06-01,151.57
ORD004512,CUST00128,2024-06-01,46.81
ORD002163,CUST00246,2024-06-01,62.95
ORD002990,CUST00989,2024-06-01,65.87
ORD002810,CUST00383,2024-06-02,57.44
ORD001292,CUST00372,2024-06-02,63.09
ORD002457,CUST00380,2024-06-02,8.44
ORD003085,CUST00183,2024-06-02,11.34
ORD004286,CUST00517,2024-06-02,557.53
ORD000787,CUST00298,2024-06-02,54.25
ORD001397,CUST00994,2024-06-02,190.06
ORD002395,CUST00689,2024-06-02,198.08
ORD005353,CUST00196,2024-06-02,17.48
ORD004520,CUST00487,2024-06-02,367.22
ORD003234,CUST00912,2024-06-02,78.68
ORD002749,CUST00573,2024-06-02,54.51
ORD001471,CUST00238,2024-06-02,474.2
ORD001044,CUST00298,2024-06-03,7.39
ORD002993,CUST00280,2024-06-03,141.4
ORD004519,CUST00637,2024-06-03,67.73
ORD003248,CUST00749,2024-06-03,37.62
ORD001423,CUST00197,2024-06-03,687.86
ORD002872,CUST00421,2024-06-03,337.54
ORD004022,CUST00671,2024-06-03,9.64
ORD002748,CUST00248,2024-06-03,299.14
ORD001355,CUST00232,2024-06-04,5.8
ORD005946,CUST00718,2024-06-04,572.62
ORD003621,CUST00664,2024-06-04,109.57
ORD000961,CUST00384,2024-06-04,75.59
ORD005297,CUST00054,2024-06-04,8.44
ORD002575,CUST00074,2024-06-04,39.79
ORD004202,CUST00542,2024-06-04,20.84
ORD005014,CUST01000,2024-06-04,67.29
ORD005645,CUST00661,2024-06-04,456.12
ORD002020,CUST00984,2024-06-05,538.48
ORD004105,CUST00896,2024-06-05,168.3
ORD005359,CUST00345,2024-06-05,812.02
ORD002921,CUST00226,2024-06-05,166.35
ORD005932,CUST00117,2024-06-05,473.47
ORD001003,CUST00518,2024-06-05,144.05
ORD002387,CUST00443,2024-06-06,466.51
ORD002570,CUST00534,2024-06-06,46.81
ORD003524,CUST00202,2024-06-06,351.76
ORD004818,CUST00221,2024-06-06,23.15
ORD004650,CUST00168,2024-06-06,651.38
ORD005578,CUST00757,2024-06-06,374.12
ORD001340,CUST00668,2024-06-06,49.06
ORD002781,CUST00599,2024-06-06,616.66
ORD005075,CUST00439,2024-06-06,77.69
ORD004349,CUST00040,2024-06-07,113.56
ORD004840,CUST00284,2024-06-07,63.82
ORD001538,CUST00769,2024-06-07,124.57
ORD005250,CUST00106,2024-06-07,82.65
ORD004918,CUST00446,2024-06-07,46.81
ORD004905,CUST00523,2024-06-07,138.69
ORD000430,CUST00555,2024-06-07,92.96
ORD003423,CUST00399,2024-06-07,621.11
ORD002500,CUST00670,2024-06-07,33.21
ORD003855,CUST00270,2024-06-07,75.16
ORD003089,CUST00838,2024-06-07,445.92
ORD003842,CUST00008,2024-06-07,144.55
ORD001445,CUST00933,2024-06-08,410.36
ORD003267,CUST00672,2024-06-08,15.73
ORD003222,CUST00222,2024-06-08,41.83
ORD000088,CUST00711,2024-06-08,23.15
ORD003310,CUST00131,2024-06-08,373.87
ORD003225,CUST00222,2024-06-08,194.48
ORD002901,CUST00085,2024-06-08,140.12
ORD004216,CUST00668,2024-06-08,102.2
ORD000708,CUST00251,2024-06-09,148.84
ORD001094,CUST00029,2024-06-09,88.31
ORD004647,CUST00966,2024-06-09,37.15
ORD005782,CUST00401,2024-06-09,215.9
ORD004211,CUST00866,2024-06-09,117.29
ORD001603,CUST00933,2024-06-09,796.62
ORD004772,CUST00133,2024-06-09,270.76
ORD002662,CUST00984,2024-06-09,132.15
ORD005293,CUST00935,2024-06-10,49.94
ORD001112,CUST00497,2024-06-10,126.91
ORD000384,CUST00324,2024-06-10,190.06
ORD004165,CUST00567,2024-06-10,37.42
ORD004261,CUST00109,2024-06-10,110.75
ORD000355,CUST00029,2024-06-11,523.5
ORD005530,CUST00769,2024-06-11,105.21
ORD004063,CUST00399,2024-06-11,54.51
ORD005859,CUST00937,2024-06-11,168.19
ORD002676,CUST00399,2024-06-11,233.36
ORD000037,CUST00422,2024-06-11,10.44
ORD003313,CUST00374,2024-06-11,332.25
ORD003434,CUST00024,2024-06-11,64.97
ORD000279,CUST00921,2024-06-11,484.65
ORD001145,CUST00319,2024-06-11,719.81
ORD001387,CUST00322,2024-06-11,60.62
ORD001956,CUST00282,2024-06-11,631.77
ORD001384,CUST00109,2024-06-11,105.21
ORD001000,CUST00660,2024-06-11,37.15
ORD001771,CUST00257,2024-06-11,97.24
ORD001331,CUST00131,2024-06-12,46.48
ORD000761,CUST00603,2024-06-12,303.22
ORD000325,CUST00935,2024-06-13,5.8
ORD005742,CUST00650,2024-06-13,221.7
ORD002513,CUST00917,2024-06-13,5.8
ORD002970,CUST00069,2024-06-13,151.42
ORD002218,CUST00824,2024-06-13,130.83
ORD002155,CUST00618,2024-06-13,466.83
ORD002351,CUST00574,2024-06-13,66.23
ORD004014,CUST00568,2024-06-13,88.6
ORD005568,CUST00912,2024-06-13,138.58
ORD001791,CUST00765,2024-06-14,119.13
ORD005055,CUST00678,2024-06-14,24.53
ORD002616,CUST00228,2024-06-14,59.73
ORD001818,CUST00367,2024-06-14,16.42
ORD001630,CUST00035,2024-06-14,155.35
ORD005253,CUST00170,2024-06-15,291.72
ORD004675,CUST00701,2024-06-15,236.87
ORD001356,CUST00298,2024-06-15,574.21
ORD003897,CUST00168,2024-06-15,135.59
ORD004146,CUST00795,2024-06-15,118.02
ORD005649,CUST00149,2024-06-16,165.31
ORD002824,CUST00078,2024-06-16,134.6
ORD000732,CUST00127,2024-06-16,359.27
ORD000193,CUST00511,2024-06-16,81.51
ORD004740,CUST00339,2024-06-16,125.0
ORD002156,CUST00760,2024-06-16,186.12
ORD001334,CUST00273,2024-06-16,23.15
ORD002790,CUST00319,2024-06-17,190.06
ORD003923,CUST00200,2024-06-17,51.92
ORD005409,CUST00553,2024-06-17,150.01
ORD003664,CUST00892,2024-06-17,74.26
ORD005026,CUST00263,2024-06-17,43.71
ORD001025,CUST00339,2024-06-17,455.59
ORD000070,CUST00159,2024-06-17,73.6
ORD002895,CUST00032,2024-06-17,8.44
ORD001395,CUST00371,2024-06-17,249.22
ORD000101,CUST00406,2024-06-17,188.53
ORD002166,CUST00745,2024-06-17,77.25
ORD003918,CUST00974,2024-06-18,67.46
ORD004898,CUST00745,2024-06-18,63.09
ORD002602,CUST00574,2024-06-18,119.45
ORD004342,CUST00192,2024-06-18,5.8
ORD004463,CUST00717,2024-06-18,31.91
ORD005733,CUST00372,2024-06-18,857.64
ORD002360,CUST00312,2024-06-19,73.71
ORD000030,CUST00582,2024-06-19,604.96
ORD003304,CUST00715,2024-06-19,65.85
ORD003096,CUST00736,2024-06-19,63.98
ORD004152,CUST00305,2024-06-19,92.67
ORD003951,CUST00618,2024-06-19,241.56
ORD003402,CUST00531,2024-06-19,546.6
ORD004645,CUST00739,2024-06-19,538.48
ORD002531,CUST00184,2024-06-19,46.48
ORD003255,CUST00085,2024-06-19,337.76
ORD000383,CUST00993,2024-06-19,698.35
ORD000110,CUST00495,2024-06-19,24.53
ORD004071,CUST00439,2024-06-20,81.64
ORD005960,CUST00544,2024-06-20,25.53
ORD001502,CUST00957,2024-06-20,11.34
ORD001392,CUST00339,2024-06-20,239.75
ORD002632,CUST00563,2024-06-20,17.48
ORD005694,CUST00308,2024-06-20,31.91
ORD004656,CUST00648,2024-06-20,205.6
ORD004521,CUST00821,2024-06-20,167.93
ORD002554,CUST00748,2024-06-20,27.26
ORD004606,CUST00345,2024-06-20,43.87
ORD000464,CUST00102,2024-06-20,11.6
ORD004837,CUST00105,2024-06-20,8.44
ORD002769,CUST00110,2024-06-20,99.7
ORD002480,CUST00284,2024-06-21,22.08
ORD005294,CUST00948,2024-06-21,6.98
ORD003008,CUST00081,2024-06-21,1066.47
ORD003210,CUST00113,2024-06-21,288.79
ORD003756,CUST00198,2024-06-21,109.02
ORD004713,CUST00298,2024-06-21,723.73
ORD000420,CUST00771,2024-06-22,83.69
ORD002664,CUST00939,2024-06-22,98.76
ORD001315,CUST00305,2024-06-22,50.47
ORD004382,CUST00373,2024-06-22,76.57
ORD003108,CUST00642,2024-06-22,37.59
ORD000451,CUST00078,2024-06-22,5.8
ORD002304,CUST00500,2024-06-22,703.36
ORD003343,CUST00952,2024-06-22,43.71
ORD004448,CUST00041,2024-06-22,110.75
ORD005828,CUST00749,2024-06-22,63.09
ORD002477,CUST00297,2024-06-22,102.98
ORD002325,CUST00232,2024-06-22,234.58
ORD003293,CUST00593,2024-06-22,92.38
ORD005260,CUST00756,2024-06-23,190.06
ORD001937,CUST00044,2024-06-23,5.8
ORD003617,CUST00634,2024-06-23,336.38
ORD005236,CUST00160,2024-06-23,440.55
ORD002945,CUST00405,2024-06-23,120.35
ORD003709,CUST00523,2024-06-23,82.11
ORD004405,CUST00468,2024-06-24,538.12
ORD002460,CUST00745,2024-06-24,54.52
ORD003901,CUST00039,2024-06-24,518.96
ORD000821,CUST00377,2024-06-24,192.21
ORD005078,CUST00063,2024-06-24,79.77
ORD000106,CUST00578,2024-06-24,52.6
ORD000174,CUST00334,2024-06-24,300.81
ORD001842,CUST00411,2024-06-25,336.91
ORD000768,CUST00280,2024-06-25,10.21
ORD005504,CUST00499,2024-06-25,465.03
ORD001780,CUST00243,2024-06-25,396.91
ORD003403,CUST00710,2024-06-25,53.4
ORD002828,CUST00632,2024-06-25,131.53
ORD002987,CUST00206,2024-06-25,217.1
ORD004344,CUST00299,2024-06-25,190.06
ORD002819,CUST00396,2024-06-25,79.1
ORD001743,CUST00116,2024-06-25,203.17
ORD001167,CUST00310,2024-06-25,273.48
ORD000197,CUST00892,2024-06-25,114.03
ORD003668,CUST00046,2024-06-25,75.36
ORD003656,CUST00617,2024-06-26,307.35
ORD001969,CUST00650,2024-06-26,170.97
ORD003457,CUST00892,2024-06-26,205.06
ORD003461,CUST00034,2024-06-26,46.81
ORD005238,CUST00412,2024-06-26,8.21
ORD005955,CUST00245,2024-06-26,21.99
ORD005309,CUST00994,2024-06-26,194.94
ORD001687,CUST00206,2024-06-27,149.27
ORD005449,CUST00985,2024-06-27,92.82
ORD003724,CUST00443,2024-06-27,294.13
ORD004142,CUST00339,2024-06-27,303.22
ORD004742,CUST00892,2024-06-27,24.53
ORD005706,CUST00889,2024-06-27,11.34
ORD002103,CUST00657,2024-06-27,186.88
ORD002914,CUST00483,2024-06-27,283.41
ORD002423,CUST00034,2024-06-27,203.79
ORD005385,CUST00314,2024-06-28,167.65
ORD000963,CUST00035,2024-06-28,43.98
ORD005320,CUST00502,2024-06-28,67.74
ORD002058,CUST00755,2024-06-28,296.51
ORD004747,CUST00324,2024-06-28,7.17
ORD001512,CUST00870,2024-06-28,16.53
ORD005393,CUST00501,2024-06-28,850.23
ORD000817,CUST00925,2024-06-28,397.12
ORD000479,CUST00242,2024-06-28,354.66
ORD002530,CUST00681,2024-06-28,148.82
ORD005806,CUST00578,2024-06-28,39.71
ORD002782,CUST00032,2024-06-28,277.13
ORD002365,CUST00238,2024-06-28,140.43
ORD004200,CUST00330,2024-06-28,156.56
ORD003083,CUST00736,2024-06-29,373.76
ORD005057,CUST00539,2024-06-29,83.05
ORD004913,CUST00607,2024-06-29,463.87
ORD001954,CUST00534,2024-06-29,5.8
ORD005513,CUST00355,2024-06-29,32.32
ORD005507,CUST00034,2024-06-29,41.83
ORD003242,CUST00063,2024-06-30,10.77
ORD004893,CUST00336,2024-06-30,552.25
ORD000305,CUST00211,2024-06-30,285.18
ORD000815,CUST00006,2024-06-30,355.07
ORD000397,CUST00313,2024-06-30,174.76
ORD002549,CUST00553,2024-06-30,177.54
ORD001832,CUST00066,2024-06-30,414.63
ORD002502,CUST00006,2024-06-30,657.71
ORD005868,CUST00835,2024-06-30,18.24
ORD005901,CUST00086,2024-07-01,396.26
ORD000406,CUST00068,2024-07-01,311.33
ORD004548,CUST00050,2024-07-01,341.18
ORD001125,CUST00948,2024-07-01,91.2
ORD002716,CUST00747,2024-07-01,49.73
ORD005882,CUST00322,2024-07-01,43.71
ORD004335,CUST00512,2024-07-01,54.52
ORD005522,CUST00275,2024-07-01,148.25
ORD001607,CUST00537,2024-07-01,215.64
ORD003515,CUST00211,2024-07-01,49.93
ORD002682,CUST00915,2024-07-01,109.02
ORD000276,CUST00208,2024-07-01,673.82
ORD004756,CUST00344,2024-07-01,531.56
ORD002892,CUST00957,2024-07-01,679.02
ORD000852,CUST00012,2024-07-02,167.18
ORD003378,CUST00686,2024-07-02,43.71
ORD005195,CUST00526,2024-07-02,65.45
ORD004722,CUST00082,2024-07-02,105.56
ORD000780,CUST00952,2024-07-02,47.31
ORD001714,CUST00077,2024-07-02,99.68
ORD004103,CUST00164,2024-07-02,271.3
ORD000222,CUST00849,2024-07-02,5.22
ORD005846,CUST00595,2024-07-02,110.75
ORD004791,CUST00674,2024-07-02,39.71
ORD003299,CUST00167,2024-07-02,177.54
ORD001143,CUST00334,2024-07-02,17.14
ORD003149,CUST00198,2024-07-02,23.15
ORD003823,CUST00588,2024-07-02,63.09
ORD001136,CUST00372,2024-07-03,294.61
ORD001886,CUST00149,2024-07-03,154.36
ORD005552,CUST00198,2024-07-03,360.06
ORD003427,CUST00816,2024-07-03,78.82
ORD001128,CUST00645,2024-07-03,824.0
ORD005378,CUST00016,2024-07-03,275.64
ORD001404,CUST00686,2024-07-03,107.8
ORD004409,CUST00024,2024-07-03,17.48
ORD001628,CUST00032,2024-07-03,657.8
ORD000337,CUST00585,2024-07-03,27.79
ORD004244,CUST00711,2024-07-04,41.83
ORD003277,CUST00129,2024-07-04,46.33
ORD005969,CUST00979,2024-07-04,49.82
ORD004030,CUST00634,2024-07-04,673.82
ORD004210,CUST00952,2024-07-04,114.72
ORD001053,CUST00232,2024-07-04,97.24
ORD003841,CUST00490,2024-07-04,367.16
ORD003275,CUST00372,2024-07-04,41.8
ORD004002,CUST00085,2024-07-04,119.67
ORD001015,CUST00231,2024-07-04,37.45
ORD004164,CUST00450,2024-07-04,103.57
ORD002836,CUST00816,2024-07-04,111.1
ORD004988,CUST00784,2024-07-04,240.9
ORD005735,CUST00032,2024-07-04,38.9
ORD001610,CUST00271,2024-07-04,17.48
ORD001232,CUST00993,2024-07-04,369.97
ORD003154,CUST00981,2024-07-04,301.12
ORD003968,CUST00505,2024-07-04,99.7
ORD004284,CUST00749,2024-07-05,380.67
ORD001584,CUST00307,2024-07-05,8.21
ORD002489,CUST00262,2024-07-05,74.07
ORD000046,CUST00259,2024-07-05,103.76
ORD002843,CUST00006,2024-07-05,46.48
ORD001474,CUST00248,2024-07-05,28.92
ORD001936,CUST00278,2024-07-05,8.44
ORD005940,CUST00346,2024-07-06,116.98
ORD003159,CUST00199,2024-07-06,205.81
ORD003087,CUST00284,2024-07-06,211.12
ORD005693,CUST00770,2024-07-06,10.21
ORD004821,CUST00719,2024-07-06,24.53
ORD002354,CUST00638,2024-07-06,11.34
ORD005576,CUST00081,2024-07-06,194.48
ORD005059,CUST00985,2024-07-06,513.16
ORD005407,CUST00608,2024-07-06,593.65
ORD001102,CUST00715,2024-07-06,11.6
ORD001074,CUST00319,2024-07-06,22.17
ORD003534,CUST00124,2024-07-07,179.02
ORD000090,CUST00686,2024-07-07,7.6
ORD000121,CUST00866,2024-07-07,320.06
ORD002952,CUST00310,2024-07-07,318.71
ORD002116,CUST00207,2024-07-07,282.41
ORD005415,CUST00558,2024-07-07,17.48
ORD005708,CUST00434,2024-07-07,5.8
ORD004775,CUST00386,2024-07-07,46.48
ORD000890,CUST00286,2024-07-08,807.72
ORD003318,CUST00097,2024-07-08,46.81
ORD002011,CUST00892,2024-07-08,63.82
ORD002621,CUST00902,2024-07-08,349.46
ORD001990,CUST00742,2024-07-08,161.55
ORD003598,CUST00207,2024-07-08,176.04
ORD000228,CUST00025,2024-07-08,62.99
ORD000912,CUST00630,2024-07-08,274.4
ORD003374,CUST00041,2024-07-08,158.37
ORD000209,CUST00971,2024-07-08,534.58
ORD004614,CUST00694,2024-07-08,8.44
ORD003693,CUST00402,2024-07-08,177.2
ORD002661,CUST00439,2024-07-09,41.8
ORD005137,CUST00579,2024-07-09,62.55
ORD001120,CUST00995,2024-07-09,33.1
ORD005536,CUST00604,2024-07-09,8.21
ORD000336,CUST00334,2024-07-09,44.15
ORD000428,CUST00204,2024-07-09,92.38
ORD000913,CUST00605,2024-07-09,95.0
ORD004854,CUST00579,2024-07-09,641.92
ORD002842,CUST00073,2024-07-09,112.78
ORD001803,CUST00716,2024-07-09,8.21
ORD002933,CUST00634,2024-07-10,52.15
ORD000013,CUST00222,2024-07-10,114.0
ORD005418,CUST00650,2024-07-10,764.25
ORD001234,CUST00045,2024-07-10,63.78
ORD004970,CUST00480,2024-07-10,24.15
ORD001645,CUST00892,2024-07-10,234.58
ORD004998,CUST00958,2024-07-10,76.79
ORD004892,CUST00873,2024-07-10,623.28
ORD004622,CUST00155,2024-07-10,305.4
ORD000327,CUST00294,2024-07-10,106.83
ORD003898,CUST00815,2024-07-10,56.78
ORD004940,CUST00440,2024-07-11,211.12
ORD005565,CUST00491,2024-07-11,63.82
ORD001248,CUST00933,2024-07-11,52.44
ORD000800,CUST00054,2024-07-11,12.85
ORD000654,CUST00725,2024-07-11,83.6
ORD004373,CUST00008,2024-07-11,54.51
ORD000947,CUST00169,2024-07-12,801.68
ORD004046,CUST00992,2024-07-12,23.17
ORD002855,CUST00822,2024-07-12,51.79
ORD004433,CUST00069,2024-07-12,125.31
ORD002438,CUST00219,2024-07-12,29.72
ORD000426,CUST00985,2024-07-12,128.88
ORD002179,CUST00284,2024-07-12,24.53
ORD000161,CUST00113,2024-07-12,87.52
ORD004486,CUST00645,2024-07-12,109.02
ORD003320,CUST00624,2024-07-12,46.81
ORD004361,CUST00511,2024-07-12,71.06
ORD002054,CUST00878,2024-07-12,117.29
ORD004542,CUST00824,2024-07-12,171.66
ORD003353,CUST00198,2024-07-12,209.89
ORD000634,CUST00105,2024-07-13,140.17
ORD004827,CUST00284,2024-07-13,221.42
ORD001257,CUST00744,2024-07-13,665.05
ORD003047,CUST00015,2024-07-13,151.14
ORD001738,CUST00041,2024-07-13,315.64
ORD001916,CUST00149,2024-07-13,79.42
ORD004513,CUST00632,2024-07-13,8.44
ORD000039,CUST00994,2024-07-13,5.51
ORD003547,CUST00757,2024-07-13,735.17
ORD000904,CUST00605,2024-07-13,401.18
ORD005284,CUST00324,2024-07-13,81.31
ORD002074,CUST00454,2024-07-14,57.82
ORD003925,CUST00650,2024-07-14,284.12
ORD001104,CUST00071,2024-07-14,606.44
ORD002608,CUST00872,2024-07-14,194.27
ORD005468,CUST00940,2024-07-14,70.97
ORD000236,CUST00917,2024-07-14,228.77
ORD004091,CUST00297,2024-07-14,24.53
ORD002106,CUST00430,2024-07-14,248.1
ORD005307,CUST00957,2024-07-14,263.92
ORD000016,CUST00215,2024-07-14,81.57
ORD002170,CUST00949,2024-07-14,200.09
ORD002119,CUST00338,2024-07-14,221.5
ORD002149,CUST00771,2024-07-15,619.32
ORD001904,CUST00285,2024-07-15,303.22
ORD004131,CUST00599,2024-07-15,1379.22
ORD004386,CUST00815,2024-07-15,320.06
ORD000680,CUST00032,2024-07-15,117.29
ORD005531,CUST00032,2024-07-15,44.47
ORD000254,CUST00525,2024-07-15,224.27
ORD004566,CUST00747,2024-07-15,748.17
ORD001465,CUST00069,2024-07-15,5.8
ORD001935,CUST00864,2024-07-16,30.33
ORD005444,CUST00974,2024-07-16,21.99
ORD002784,CUST00612,2024-07-16,41.8
ORD000803,CUST00989,2024-07-16,46.81
ORD004674,CUST00572,2024-07-16,94.03
ORD002917,CUST00866,2024-07-16,332.47
ORD005557,CUST00716,2024-07-16,211.41
ORD000531,CUST00414,2024-07-16,11.6
ORD002808,CUST00563,2024-07-16,41.83
ORD003092,CUST00961,2024-07-16,17.48
ORD005400,CUST00390,2024-07-16,39.51
ORD002910,CUST00957,2024-07-16,111.43
ORD005850,CUST00173,2024-07-17,190.06
ORD000832,CUST00887,2024-07-17,11.34
ORD005548,CUST00462,2024-07-17,291.85
ORD004443,CUST00131,2024-07-17,159.81
ORD002792,CUST00442,2024-07-17,117.29
ORD005146,CUST00745,2024-07-17,56.22
ORD003510,CUST00421,2024-07-17,17.4
ORD005907,CUST00244,2024-07-17,15.73
ORD003798,CUST00718,2024-07-18,117.29
ORD001126,CUST00744,2024-07-18,109.27
ORD002893,CUST00521,2024-07-18,851.58
ORD005266,CUST00635,2024-07-18,560.64
ORD001519,CUST00674,2024-07-18,43.71
ORD001621,CUST00270,2024-07-18,45.83
ORD003517,CUST00570,2024-07-18,482.91
ORD000203,CUST00333,2024-07-19,471.26
ORD001289,CUST00372,2024-07-19,334.35
ORD001728,CUST00682,2024-07-19,160.33
ORD003684,CUST00406,2024-07-19,105.14
ORD001293,CUST00553,2024-07-19,79.93
ORD005697,CUST00534,2024-07-19,105.21
ORD001860,CUST00124,2024-07-19,15.19
ORD000186,CUST00115,2024-07-19,349.61
ORD002559,CUST00957,2024-07-19,88.15
ORD004843,CUST00017,2024-07-19,8.44
ORD004363,CUST00109,2024-07-19,849.55
ORD000253,CUST00558,2024-07-19,566.82
ORD001698,CUST00329,2024-07-19,31.91
ORD001713,CUST00690,2024-07-19,59.44
ORD003889,CUST00941,2024-07-19,385.91
ORD000256,CUST00649,2024-07-20,90.1
ORD005445,CUST00531,2024-07-20,69.45
ORD000124,CUST00034,2024-07-20,699.46
ORD004700,CUST00156,2024-07-20,339.0
ORD003751,CUST00087,2024-07-20,52.86
ORD004501,CUST00770,2024-07-20,152.05
ORD001581,CUST00008,2024-07-20,377.72
ORD005563,CUST00063,2024-07-20,249.97
ORD004583,CUST00665,2024-07-20,336.91
ORD001725,CUST00956,2024-07-20,725.28
ORD004446,CUST00585,2024-07-20,32.45
ORD000074,CUST00892,2024-07-20,196.94
ORD000867,CUST00957,2024-07-20,64.24
ORD004204,CUST00124,2024-07-21,28.95
ORD001626,CUST00727,2024-07-21,208.41
ORD003279,CUST00939,2024-07-21,136.61
ORD003774,CUST00326,2024-07-21,11.34
ORD001052,CUST00638,2024-07-21,83.66
ORD002181,CUST00892,2024-07-21,310.61
ORD002726,CUST00284,2024-07-22,49.51
ORD003040,CUST00181,2024-07-22,41.8
ORD003493,CUST00758,2024-07-23,5.8
ORD003369,CUST00582,2024-07-23,83.69
ORD000855,CUST00698,2024-07-23,122.85
ORD001536,CUST00461,2024-07-23,286.37
ORD004093,CUST00993,2024-07-23,92.77
ORD005559,CUST00219,2024-07-24,283.62
ORD000005,CUST00228,2024-07-24,390.54
ORD001130,CUST00158,2024-07-24,673.82
ORD005417,CUST00284,2024-07-24,54.78
ORD002539,CUST00665,2024-07-24,56.75
ORD003158,CUST00088,2024-07-24,53.63
ORD000884,CUST00745,2024-07-24,24.53
ORD003384,CUST00941,2024-07-24,78.72
ORD003729,CUST00577,2024-07-24,83.6
ORD005921,CUST00470,2024-07-25,4.93
ORD004125,CUST00131,2024-07-25,331.86
ORD004319,CUST00957,2024-07-25,334.93
ORD005498,CUST00359,2024-07-25,362.79
ORD003645,CUST00892,2024-07-25,186.88
ORD000748,CUST00442,2024-07-25,182.47
ORD002718,CUST00456,2024-07-26,335.88
ORD003479,CUST00032,2024-07-26,93.14
ORD003732,CUST00079,2024-07-26,39.71
ORD000534,CUST00515,2024-07-26,16.04
ORD000813,CUST00345,2024-07-26,286.38
ORD005873,CUST00709,2024-07-26,23.17
ORD003481,CUST00763,2024-07-26,49.06
ORD002938,CUST00595,2024-07-26,283.32
ORD004429,CUST00496,2024-07-26,39.25
ORD001322,CUST00996,2024-07-26,24.53
ORD001566,CUST00462,2024-07-27,249.97
ORD004174,CUST00017,2024-07-27,371.22
ORD003703,CUST00138,2024-07-27,478.99
ORD005048,CUST00222,2024-07-27,17.48
ORD002586,CUST00892,2024-07-27,180.51
ORD002177,CUST00162,2024-07-27,108.58
ORD003922,CUST00156,2024-07-27,277.58
ORD001912,CUST00391,2024-07-27,140.95
ORD002021,CUST00579,2024-07-27,14.86
ORD003819,CUST00411,2024-07-27,92.96
ORD001892,CUST00756,2024-07-27,279.92
ORD000754,CUST00398,2024-07-28,41.8
ORD002112,CUST00785,2024-07-28,324.72
ORD004337,CUST00690,2024-07-28,104.41
ORD002230,CUST00578,2024-07-28,151.68
ORD000140,CUST00203,2024-07-28,6.98
ORD004426,CUST00302,2024-07-28,464.82
ORD000385,CUST00537,2024-07-28,8.02
ORD004933,CUST00319,2024-07-28,423.45
ORD000168,CUST00398,2024-07-28,478.43
ORD000601,CUST00859,2024-07-29,21.99
ORD004748,CUST00648,2024-07-29,280.41
ORD000888,CUST00957,2024-07-29,146.88
ORD005542,CUST00184,2024-07-29,55.81
ORD001742,CUST00317,2024-07-29,180.56
ORD001284,CUST00648,2024-07-29,540.97
ORD000422,CUST00941,2024-07-29,148.7
ORD002160,CUST00420,2024-07-29,23.17
ORD001150,CUST00818,2024-07-29,11.34
ORD002245,CUST00085,2024-07-29,268.29
ORD002556,CUST00891,2024-07-29,187.08
ORD004070,CUST00236,2024-07-29,43.71
ORD003634,CUST00502,2024-07-29,40.95
ORD002919,CUST00984,2024-07-30,359.08
ORD001883,CUST00861,2024-07-30,188.53
ORD002509,CUST00518,2024-07-30,7.8
ORD000103,CUST00983,2024-07-30,128.2
ORD003828,CUST00697,2024-07-30,449.71
ORD003244,CUST00096,2024-07-30,79.58
ORD001258,CUST00534,2024-07-31,8.44
ORD000045,CUST00234,2024-07-31,31.91
ORD000206,CUST00403,2024-07-31,70.51
ORD004575,CUST00745,2024-07-31,23.15
ORD004576,CUST00520,2024-07-31,784.57
ORD002028,CUST00043,2024-07-31,85.73
ORD005346,CUST00555,2024-07-31,211.47
ORD001744,CUST00543,2024-07-31,110.49
ORD004755,CUST00047,2024-07-31,341.15
ORD003419,CUST00374,2024-07-31,205.6
ORD000747,CUST00298,2024-08-01,59.49
ORD004605,CUST00238,2024-08-01,113.2
ORD000905,CUST00282,2024-08-01,36.93
ORD001810,CUST00334,2024-08-01,511.5
ORD001911,CUST00852,2024-08-01,139.44
ORD000955,CUST00422,2024-08-01,43.71
ORD004863,CUST00984,2024-08-01,68.66
ORD003940,CUST00422,2024-08-02,64.04
ORD005091,CUST00619,2024-08-02,5.8
ORD004039,CUST00957,2024-08-02,95.68
ORD000180,CUST00620,2024-08-02,87.52
ORD004437,CUST00525,2024-08-02,1049.68
ORD002494,CUST00333,2024-08-02,153.44
ORD004054,CUST00206,2024-08-02,244.62
ORD004118,CUST00008,2024-08-02,7.39
ORD003407,CUST00079,2024-08-02,17.48
ORD003417,CUST00086,2024-08-02,9.07
ORD002317,CUST00253,2024-08-02,54.52
ORD000480,CUST00113,2024-08-02,367.34
ORD003171,CUST00480,2024-08-03,361.11
ORD002013,CUST00157,2024-08-03,97.24
ORD005783,CUST00353,2024-08-03,149.5
ORD002543,CUST00041,2024-08-03,10.21
ORD005915,CUST00393,2024-08-03,370.09
ORD002384,CUST00894,2024-08-03,8.44
ORD000933,CUST00815,2024-08-03,441.25
ORD004060,CUST00854,2024-08-03,336.85
ORD005983,CUST00708,2024-08-03,5.8
ORD002916,CUST00087,2024-08-03,177.96
ORD004058,CUST00681,2024-08-04,186.88
ORD002533,CUST00085,2024-08-04,37.62
ORD004393,CUST00377,2024-08-04,135.91
ORD004544,CUST00081,2024-08-04,8.44
ORD000485,CUST00227,2024-08-04,1137.0
ORD000814,CUST00901,2024-08-04,132.06
ORD003181,CUST00414,2024-08-04,8.44
ORD005727,CUST00334,2024-08-04,24.53
ORD005605,CUST00689,2024-08-04,28.72
ORD004809,CUST00985,2024-08-04,62.95
ORD005612,CUST00447,2024-08-04,184.29
ORD001696,CUST00372,2024-08-04,30.29
ORD002736,CUST00736,2024-08-04,1026.46
ORD000894,CUST00048,2024-08-05,283.41
ORD001368,CUST00242,2024-08-05,348.35
ORD000724,CUST00339,2024-08-05,600.36
ORD005097,CUST00667,2024-08-05,429.29
ORD002812,CUST00787,2024-08-05,154.46
ORD003960,CUST00979,2024-08-05,628.15
ORD000213,CUST00302,2024-08-05,54.92
ORD002941,CUST00546,2024-08-05,148.92
ORD000584,CUST00149,2024-08-05,55.56
ORD004820,CUST00086,2024-08-06,416.74
ORD002490,CUST00892,2024-08-06,31.91
ORD000517,CUST00087,2024-08-06,23.15
ORD004864,CUST00269,2024-08-06,28.72
ORD004719,CUST00608,2024-08-06,204.34
ORD003880,CUST00539,2024-08-06,497.41
ORD001664,CUST00109,2024-08-06,269.53
ORD004290,CUST00822,2024-08-06,196.61
ORD004419,CUST00192,2024-08-06,41.8
ORD002465,CUST00131,2024-08-06,41.83
ORD000137,CUST00815,2024-08-06,68.89
ORD002612,CUST00881,2024-08-06,46.48
ORD003726,CUST00929,2024-08-06,110.75
ORD001199,CUST00915,2024-08-07,369.58
ORD003671,CUST00536,2024-08-07,42.36
ORD002633,CUST00954,2024-08-07,60.2
ORD003777,CUST00719,2024-08-07,7.8
ORD001637,CUST00173,2024-08-07,219.14
ORD000839,CUST00454,2024-08-07,125.75
ORD002709,CUST00391,2024-08-07,374.24
ORD005064,CUST00748,2024-08-07,214.23
ORD001952,CUST00500,2024-08-07,54.51
ORD001324,CUST00202,2024-08-07,86.5
ORD002467,CUST00908,2024-08-07,98.0
ORD004282,CUST00940,2024-08-07,39.79
ORD005599,CUST00431,2024-08-07,306.41
ORD002038,CUST00737,2024-08-08,171.05
ORD002266,CUST00009,2024-08-08,200.25
ORD005855,CUST00879,2024-08-08,205.66
ORD000659,CUST00645,2024-08-08,111.43
ORD000962,CUST00748,2024-08-08,77.78
ORD005503,CUST00892,2024-08-08,57.89
ORD001821,CUST00696,2024-08-08,401.02
ORD004655,CUST00530,2024-08-09,179.57
ORD001090,CUST00264,2024-08-09,64.67
ORD002943,CUST00878,2024-08-09,11.34
ORD004183,CUST00131,2024-08-09,6.98
ORD000906,CUST00922,2024-08-09,250.36
ORD002278,CUST00717,2024-08-09,204.84
ORD003098,CUST00542,2024-08-09,143.0
ORD001434,CUST00860,2024-08-09,131.58
ORD003803,CUST00748,2024-08-09,37.62
ORD000050,CUST00037,2024-08-09,8.21
ORD002372,CUST00334,2024-08-10,468.79
ORD001739,CUST00866,2024-08-10,177.54
ORD004695,CUST00117,2024-08-10,616.99
ORD001702,CUST00622,2024-08-10,46.81
ORD001096,CUST00435,2024-08-10,308.94
ORD003667,CUST00946,2024-08-10,8.21
ORD004537,CUST00745,2024-08-10,112.86
ORD001669,CUST00717,2024-08-10,359.04
ORD002846,CUST00088,2024-08-10,41.8
ORD002139,CUST00391,2024-08-10,8.21
ORD005327,CUST00197,2024-08-11,161.55
ORD002348,CUST00221,2024-08-11,126.39
ORD000600,CUST00184,2024-08-11,49.06
ORD000202,CUST00025,2024-08-11,187.1
ORD004745,CUST00063,2024-08-11,38.52
ORD003639,CUST00180,2024-08-11,270.67
ORD001344,CUST00821,2024-08-12,197.65
ORD001024,CUST00378,2024-08-12,91.8
ORD000189,CUST00086,2024-08-12,97.64
ORD005872,CUST00638,2024-08-12,17.48
ORD002002,CUST00980,2024-08-12,39.71
ORD000241,CUST00078,2024-08-12,24.53
ORD000395,CUST00391,2024-08-12,77.79
ORD002865,CUST00034,2024-08-12,113.42
ORD005801,CUST00870,2024-08-12,325.57
ORD001461,CUST00063,2024-08-12,41.8
ORD004765,CUST00079,2024-08-12,194.48
ORD000685,CUST00711,2024-08-12,362.57
ORD004824,CUST00686,2024-08-12,43.98
ORD002145,CUST00180,2024-08-12,11.34
ORD004275,CUST00961,2024-08-12,31.91
ORD005215,CUST00828,2024-08-13,19.68
ORD001270,CUST00948,2024-08-13,475.99
ORD003294,CUST00781,2024-08-13,54.51
ORD005084,CUST00719,2024-08-13,186.88
ORD000470,CUST00579,2024-08-13,1052.53
ORD005332,CUST00234,2024-08-13,223.09
ORD002229,CUST00632,2024-08-13,44.47
ORD003710,CUST00542,2024-08-14,62.16
ORD002050,CUST00278,2024-08-14,657.07
ORD003811,CUST00769,2024-08-14,68.24
ORD004196,CUST00719,2024-08-14,295.2
ORD005569,CUST00180,2024-08-14,462.62
ORD001993,CUST00207,2024-08-14,329.15
ORD002321,CUST00318,2024-08-14,46.81
ORD003956,CUST00849,2024-08-14,98.05
ORD003111,CUST00284,2024-08-14,143.72
ORD003948,CUST00411,2024-08-14,283.97
ORD003969,CUST00025,2024-08-14,46.81
ORD004973,CUST00435,2024-08-14,649.82
ORD005610,CUST00946,2024-08-14,125.38
ORD002006,CUST00579,2024-08-15,118.08
ORD004610,CUST00635,2024-08-15,192.19
ORD003009,CUST00194,2024-08-15,325.21
ORD001675,CUST00012,2024-08-15,410.89
ORD005902,CUST00024,2024-08-15,348.75
ORD003032,CUST00599,2024-08-15,327.71
ORD004635,CUST00146,2024-08-15,741.22
ORD004654,CUST00409,2024-08-15,339.41
ORD000622,CUST00517,2024-08-15,166.33
ORD001618,CUST00222,2024-08-15,165.18
ORD002080,CUST00401,2024-08-15,526.97
ORD004379,CUST00816,2024-08-16,77.69
ORD004004,CUST00860,2024-08-16,100.99
ORD005729,CUST00123,2024-08-16,135.82
ORD001652,CUST00440,2024-08-16,236.5
ORD002061,CUST00769,2024-08-16,590.69
ORD002427,CUST00139,2024-08-16,125.31
ORD003712,CUST00085,2024-08-17,670.44
ORD003036,CUST00046,2024-08-17,18.14
ORD000647,CUST00345,2024-08-17,46.81
ORD002894,CUST00197,2024-08-17,16.61
ORD002630,CUST00577,2024-08-17,214.93
ORD003725,CUST00057,2024-08-17,78.68
ORD005963,CUST00544,2024-08-17,43.71
ORD001097,CUST00561,2024-08-17,21.99
ORD003228,CUST00714,2024-08-17,19.28
ORD005520,CUST00186,2024-08-17,39.34
ORD003236,CUST00079,2024-08-17,27.89
ORD000452,CUST00579,2024-08-17,99.68
ORD003315,CUST00482,2024-08-17,413.89
ORD002497,CUST00770,2024-08-18,1063.68
ORD004661,CUST00442,2024-08-18,441.32
ORD005881,CUST00446,2024-08-18,240.09
ORD002804,CUST00688,2024-08-18,172.89
ORD002122,CUST00280,2024-08-18,124.78
ORD003578,CUST00756,2024-08-18,146.54
ORD002296,CUST00287,2024-08-18,380.09
ORD005797,CUST00665,2024-08-18,78.72
ORD001855,CUST00088,2024-08-18,22.68
ORD002382,CUST00568,2024-08-18,41.52
ORD001880,CUST00833,2024-08-18,331.0
ORD002081,CUST00045,2024-08-18,104.95
ORD002866,CUST00804,2024-08-18,49.06
ORD004087,CUST00718,2024-08-18,1039.14
ORD003562,CUST00099,2024-08-18,592.17
ORD003895,CUST00132,2024-08-18,116.36
ORD005151,CUST00425,2024-08-19,22.08
ORD005340,CUST00700,2024-08-19,161.13
ORD000784,CUST00225,2024-08-19,77.79
ORD005719,CUST00164,2024-08-19,17.48
ORD002310,CUST00714,2024-08-19,681.77
ORD001285,CUST00856,2024-08-19,11.34
ORD005144,CUST00735,2024-08-19,60.94
ORD001589,CUST00929,2024-08-19,672.13
ORD000226,CUST00525,2024-08-19,129.76
ORD000349,CUST00248,2024-08-19,431.3
ORD000808,CUST00179,2024-08-20,186.88
ORD004866,CUST00708,2024-08-20,78.68
ORD003958,CUST00358,2024-08-20,9.64
ORD001819,CUST00257,2024-08-20,269.24
ORD001564,CUST00355,2024-08-20,5.8
ORD005467,CUST00667,2024-08-20,233.7
ORD000299,CUST00696,2024-08-21,196.52
ORD005212,CUST00769,2024-08-21,91.2
ORD003007,CUST00718,2024-08-21,253.19
ORD005744,CUST00612,2024-08-21,345.12
ORD002526,CUST00355,2024-08-21,283.41
ORD001252,CUST00944,2024-08-21,212.74
ORD004633,CUST00063,2024-08-21,512.33
ORD003606,CUST00339,2024-08-21,32.97
ORD003608,CUST00164,2024-08-21,43.71
ORD000173,CUST00525,2024-08-21,115.48
ORD000448,CUST00711,2024-08-22,21.55
ORD004689,CUST00757,2024-08-22,378.43
ORD002065,CUST00710,2024-08-22,147.21
ORD004369,CUST00816,2024-08-22,126.39
ORD005045,CUST00234,2024-08-22,27.12
ORD000673,CUST00156,2024-08-22,381.11
ORD004946,CUST00836,2024-08-22,23.3
ORD001639,CUST00087,2024-08-23,309.31
ORD005058,CUST00946,2024-08-23,77.68
ORD005183,CUST00551,2024-08-23,9.86
ORD005082,CUST00045,2024-08-23,42.13
ORD002429,CUST00780,2024-08-23,4.64
ORD002010,CUST00200,2024-08-23,28.72
ORD000653,CUST00132,2024-08-23,39.51
ORD000061,CUST00486,2024-08-23,327.12
ORD001555,CUST00486,2024-08-23,149.5
ORD001650,CUST00084,2024-08-23,408.85
ORD003514,CUST00565,2024-08-23,139.43
ORD005717,CUST00525,2024-08-23,130.03
ORD002977,CUST00665,2024-08-23,16.42
ORD000924,CUST00052,2024-08-23,392.97
ORD002624,CUST00128,2024-08-24,562.0
ORD001668,CUST00975,2024-08-24,39.79
ORD003135,CUST00079,2024-08-24,336.91
ORD004121,CUST00366,2024-08-24,186.88
ORD004912,CUST00156,2024-08-24,52.44
ORD005971,CUST00505,2024-08-24,52.32
ORD002744,CUST00144,2024-08-25,46.48
ORD002217,CUST00889,2024-08-25,191.01
ORD004236,CUST00040,2024-08-25,160.66
ORD005372,CUST00639,2024-08-25,387.51
ORD002482,CUST00310,2024-08-25,338.66
ORD005903,CUST00997,2024-08-25,210.42
ORD000665,CUST00716,2024-08-25,519.24
ORD005689,CUST00339,2024-08-25,527.83
ORD005690,CUST00863,2024-08-25,188.81
ORD004322,CUST00634,2024-08-25,185.8
ORD004436,CUST00450,2024-08-25,639.63
ORD003475,CUST00648,2024-08-26,307.06
ORD003673,CUST00448,2024-08-26,235.31
ORD005759,CUST00721,2024-08-26,281.1
ORD002671,CUST00732,2024-08-26,344.52
ORD004375,CUST00668,2024-08-26,328.72
ORD002302,CUST00815,2024-08-26,417.59
ORD000125,CUST00915,2024-08-26,204.81
ORD005155,CUST00034,2024-08-26,88.6
ORD002898,CUST00420,2024-08-26,420.24
ORD005034,CUST00771,2024-08-26,96.79
ORD000449,CUST00908,2024-08-26,46.82
ORD001852,CUST00115,2024-08-26,69.94
ORD005374,CUST00222,2024-08-27,134.64
ORD001456,CUST00826,2024-08-27,41.67
ORD005262,CUST00900,2024-08-27,296.69
ORD001685,CUST00923,2024-08-27,46.3
ORD000602,CUST00933,2024-08-27,185.98
ORD001991,CUST00420,2024-08-27,131.13
ORD001004,CUST00088,2024-08-27,642.81
ORD001178,CUST00207,2024-08-28,329.89
ORD000639,CUST00230,2024-08-28,90.94
ORD004241,CUST00736,2024-08-28,327.65
ORD005376,CUST00815,2024-08-28,504.81
ORD002965,CUST00747,2024-08-28,86.42
ORD003719,CUST00149,2024-08-28,102.06
ORD001268,CUST00678,2024-08-28,15.73
ORD005981,CUST00891,2024-08-28,136.26
ORD001677,CUST00083,2024-08-29,240.9
ORD005888,CUST00974,2024-08-29,39.51
ORD003415,CUST00857,2024-08-29,99.68
ORD000232,CUST00085,2024-08-29,272.19
ORD003597,CUST00821,2024-08-29,416.0
ORD003661,CUST00889,2024-08-29,632.02
ORD005462,CUST00635,2024-08-29,251.4
ORD001362,CUST00674,2024-08-30,15.6
ORD002146,CUST00829,2024-08-30,90.35
ORD003130,CUST00883,2024-08-30,1106.91
ORD002988,CUST00149,2024-08-30,89.81
ORD000862,CUST00298,2024-08-30,54.51
ORD000008,CUST00228,2024-08-30,180.56
ORD005836,CUST00029,2024-08-30,23.17
ORD003694,CUST00981,2024-08-30,77.81
ORD000220,CUST00526,2024-08-30,93.62
ORD003371,CUST00237,2024-08-30,234.58
ORD005540,CUST00110,2024-08-30,39.34
ORD001786,CUST00274,2024-08-30,27.26
ORD000127,CUST00887,2024-08-30,104.47
ORD003334,CUST00593,2024-08-30,283.41
ORD004084,CUST00591,2024-08-30,337.93
ORD000417,CUST00122,2024-08-30,713.67
ORD004042,CUST00612,2024-08-30,10.21
ORD000689,CUST00439,2024-08-30,180.56
ORD005817,CUST00378,2024-08-30,146.0
ORD005778,CUST00640,2024-08-31,5.22
ORD002095,CUST00243,2024-08-31,500.54
ORD004300,CUST00054,2024-08-31,495.76
ORD002540,CUST00947,2024-08-31,8.21
ORD005480,CUST00852,2024-08-31,73.86
ORD004177,CUST00486,2024-08-31,149.5
ORD000841,CUST00921,2024-08-31,238.0
ORD003123,CUST00149,2024-08-31,460.11
ORD005154,CUST00345,2024-08-31,6.98
ORD001489,CUST00366,2024-08-31,16.42
ORD005159,CUST00015,2024-08-31,5.51
ORD004395,CUST00751,2024-09-01,93.83
ORD005737,CUST00645,2024-09-01,55.06
ORD005950,CUST00287,2024-09-01,51.59
ORD000617,CUST00008,2024-09-01,50.53
ORD001299,CUST00520,2024-09-01,23.15
ORD005160,CUST00957,2024-09-01,672.04
ORD000307,CUST00672,2024-09-01,51.79
ORD004941,CUST00389,2024-09-01,360.21
ORD004197,CUST00924,2024-09-01,24.53
ORD000134,CUST00171,2024-09-01,326.35
ORD000503,CUST00147,2024-09-01,54.52
ORD000630,CUST00156,2024-09-01,17.4
ORD005561,CUST00314,2024-09-02,159.12
ORD003342,CUST00952,2024-09-02,373.4
ORD003896,CUST00299,2024-09-02,125.4
ORD005095,CUST00673,2024-09-02,17.4
ORD003052,CUST00931,2024-09-02,303.22
ORD003681,CUST00687,2024-09-03,15.73
ORD000695,CUST00079,2024-09-03,54.51
ORD001942,CUST00045,2024-09-03,175.1
ORD000259,CUST00041,2024-09-03,9.64
ORD001548,CUST00339,2024-09-03,20.85
ORD000007,CUST00940,2024-09-03,97.24
ORD000048,CUST00863,2024-09-03,181.85
ORD001360,CUST00967,2024-09-03,202.92
ORD003584,CUST00292,2024-09-03,497.08
ORD000609,CUST00965,2024-09-03,58.15
ORD004308,CUST00603,2024-09-04,117.98
ORD003166,CUST00116,2024-09-04,92.96
ORD005421,CUST00686,2024-09-04,15.73
ORD005246,CUST00577,2024-09-04,186.88
ORD002508,CUST00270,2024-09-05,77.05
ORD005106,CUST00686,2024-09-05,269.24
ORD002016,CUST00992,2024-09-05,28.72
ORD000608,CUST00534,2024-09-05,59.94
ORD003723,CUST00690,2024-09-05,44.16
ORD001768,CUST00804,2024-09-05,106.23
ORD002389,CUST00179,2024-09-05,98.53
ORD001067,CUST00719,2024-09-05,11.34
ORD000454,CUST00272,2024-09-05,119.17
ORD000581,CUST00935,2024-09-05,7.39
ORD002672,CUST00535,2024-09-05,63.09
ORD002785,CUST00817,2024-09-05,869.17
ORD004625,CUST00628,2024-09-05,184.84
ORD000040,CUST00939,2024-09-06,482.68
ORD003274,CUST00686,2024-09-06,64.88
ORD001958,CUST00450,2024-09-06,278.03
ORD002879,CUST00682,2024-09-06,190.06
ORD003743,CUST00502,2024-09-06,363.0
ORD000938,CUST00174,2024-09-06,219.46
ORD001869,CUST00092,2024-09-06,47.68
ORD002269,CUST00645,2024-09-06,575.03
ORD003655,CUST00851,2024-09-06,92.96
ORD004081,CUST00660,2024-09-06,190.06
ORD004875,CUST00697,2024-09-06,17.48
ORD003513,CUST00947,2024-09-06,139.44
ORD005481,CUST00534,2024-09-07,189.27
ORD003930,CUST00531,2024-09-07,180.56
ORD003546,CUST00852,2024-09-07,380.12
ORD003124,CUST00409,2024-09-07,269.24
ORD001027,CUST00634,2024-09-07,86.24
ORD004806,CUST00034,2024-09-07,346.6
ORD004149,CUST00527,2024-09-07,28.72
ORD000752,CUST00326,2024-09-08,175.37
ORD005265,CUST00895,2024-09-08,305.72
ORD001706,CUST00567,2024-09-08,46.33
ORD005757,CUST00870,2024-09-08,165.31
ORD001919,CUST00493,2024-09-08,11.34
ORD002989,CUST00029,2024-09-08,205.66
ORD001297,CUST00650,2024-09-08,200.48
ORD004138,CUST00108,2024-09-09,495.15
ORD002404,CUST00333,2024-09-09,54.52
ORD004411,CUST00319,2024-09-09,68.8
ORD005786,CUST00525,2024-09-09,101.14
ORD004045,CUST00826,2024-09-10,430.81
ORD001769,CUST00200,2024-09-10,224.02
ORD004027,CUST00391,2024-09-10,149.5
ORD000171,CUST00200,2024-09-10,180.56
ORD003545,CUST00235,2024-09-10,315.64
ORD000887,CUST00048,2024-09-10,23.15
ORD005029,CUST00133,2024-09-10,510.14
ORD004555,CUST00384,2024-09-10,679.2
ORD003808,CUST00839,2024-09-11,37.18
ORD005682,CUST00830,2024-09-11,405.5
ORD003459,CUST00074,2024-09-11,11.34
ORD005371,CUST00901,2024-09-11,52.37
ORD002224,CUST00681,2024-09-11,31.91
ORD004601,CUST00015,2024-09-11,185.97
ORD004179,CUST00804,2024-09-11,234.53
ORD005380,CUST00628,2024-09-11,305.63
ORD002541,CUST00884,2024-09-11,517.12
ORD003613,CUST00601,2024-09-11,90.52
ORD001887,CUST00705,2024-09-11,46.48
ORD000773,CUST00836,2024-09-11,57.44
ORD001309,CUST00739,2024-09-12,111.74
ORD003768,CUST00124,2024-09-12,180.56
ORD005829,CUST00343,2024-09-12,34.23
ORD001487,CUST00413,2024-09-12,224.09
ORD001267,CUST00462,2024-09-12,376.22
ORD000407,CUST00892,2024-09-12,96.5
ORD004676,CUST00820,2024-09-12,27.26
ORD000240,CUST00892,2024-09-12,19.36
ORD002121,CUST00892,2024-09-12,60.63
ORD004757,CUST00892,2024-09-12,54.52
ORD003528,CUST00171,2024-09-13,308.05
ORD005276,CUST00298,2024-09-13,5.8
ORD000923,CUST00228,2024-09-13,303.22
ORD005464,CUST00860,2024-09-13,274.62
ORD000358,CUST00749,2024-09-13,11.6
ORD005072,CUST00096,2024-09-13,673.82
ORD001366,CUST00944,2024-09-13,378.35
ORD002649,CUST00407,2024-09-13,190.06
ORD000759,CUST00534,2024-09-13,97.24
ORD003340,CUST00949,2024-09-13,263.4
ORD002450,CUST00567,2024-09-13,614.7
ORD003538,CUST00668,2024-09-14,724.39
ORD002913,CUST00238,2024-09-14,97.24
ORD003062,CUST00284,2024-09-14,149.23
ORD002538,CUST00295,2024-09-14,394.8
ORD004080,CUST00135,2024-09-14,38.61
ORD005419,CUST00265,2024-09-14,20.85
ORD001276,CUST00005,2024-09-14,163.53
ORD002352,CUST00444,2024-09-14,79.04
ORD001069,CUST00481,2024-09-14,88.94
ORD003497,CUST00668,2024-09-14,57.44
ORD004917,CUST00567,2024-09-14,361.86
ORD000775,CUST00833,2024-09-14,98.22
ORD000474,CUST00001,2024-09-15,110.75
ORD000181,CUST00421,2024-09-15,23.15
ORD001064,CUST00297,2024-09-15,116.04
ORD001529,CUST00131,2024-09-15,828.64
ORD000594,CUST00267,2024-09-15,35.17
ORD005406,CUST00084,2024-09-15,203.0
ORD000612,CUST00312,2024-09-15,41.83
ORD003648,CUST00098,2024-09-16,24.53
ORD004451,CUST00481,2024-09-16,304.1
ORD000133,CUST00177,2024-09-16,93.76
ORD004129,CUST00199,2024-09-16,391.99
ORD001922,CUST00165,2024-09-16,487.69
ORD003953,CUST00297,2024-09-16,240.49
ORD005698,CUST00708,2024-09-16,100.95
ORD002117,CUST00690,2024-09-16,77.09
ORD000352,CUST00111,2024-09-16,269.24
ORD000286,CUST00684,2024-09-17,609.89
ORD004832,CUST00933,2024-09-17,44.68
ORD002416,CUST00747,2024-09-17,41.83
ORD003529,CUST00328,2024-09-17,94.12
ORD003588,CUST00818,2024-09-17,105.56
ORD000537,CUST00866,2024-09-17,152.12
ORD000939,CUST00852,2024-09-17,246.52
ORD002298,CUST00379,2024-09-17,24.53
ORD004478,CUST00461,2024-09-17,16.61
ORD000306,CUST00719,2024-09-18,453.46
ORD002880,CUST00689,2024-09-18,326.86
ORD004878,CUST00192,2024-09-18,320.06
ORD000646,CUST00808,2024-09-18,243.95
ORD004553,CUST00792,2024-09-18,160.33
ORD000767,CUST00621,2024-09-19,859.12
ORD003813,CUST00159,2024-09-19,96.89
ORD005639,CUST00749,2024-09-19,158.85
ORD000311,CUST00483,2024-09-19,303.22
ORD000557,CUST00702,2024-09-19,785.25
ORD005720,CUST00959,2024-09-20,39.79
ORD000199,CUST00682,2024-09-20,43.71
ORD001275,CUST00025,2024-09-20,351.87
ORD005032,CUST00649,2024-09-20,250.19
ORD004938,CUST00043,2024-09-20,510.12
ORD004303,CUST00855,2024-09-20,807.72
ORD004334,CUST00879,2024-09-20,41.8
ORD005299,CUST00115,2024-09-20,152.25
ORD001793,CUST00369,2024-09-20,116.92
ORD002986,CUST00374,2024-09-20,823.19
ORD003223,CUST00371,2024-09-20,21.2
ORD003119,CUST00745,2024-09-20,226.73
ORD005149,CUST00745,2024-09-20,400.13
ORD003281,CUST00817,2024-09-20,7.39
ORD004120,CUST00228,2024-09-20,164.1
ORD001528,CUST00114,2024-09-21,180.56
ORD002007,CUST00399,2024-09-21,24.53
ORD005581,CUST00853,2024-09-21,163.53
ORD002448,CUST00504,2024-09-21,79.42
ORD001949,CUST00439,2024-09-21,135.82
ORD002847,CUST00941,2024-09-21,16.88
ORD002772,CUST00815,2024-09-21,34.96
ORD005657,CUST00639,2024-09-21,99.68
ORD002535,CUST00671,2024-09-21,28.82
ORD005343,CUST00983,2024-09-21,46.48
ORD002844,CUST00993,2024-09-21,24.53
ORD002826,CUST00773,2024-09-21,192.84
ORD002902,CUST00041,2024-09-22,17.48
ORD005723,CUST00323,2024-09-22,60.62
ORD000386,CUST00989,2024-09-22,41.8
ORD005273,CUST00544,2024-09-22,175.55
ORD003717,CUST00763,2024-09-22,87.42
ORD004132,CUST00902,2024-09-22,16.88
ORD005636,CUST00051,2024-09-22,353.63
ORD004250,CUST00619,2024-09-22,590.13
ORD002340,CUST00449,2024-09-22,269.24
ORD001839,CUST00375,2024-09-23,554.9
ORD001229,CUST00499,2024-09-23,209.29
ORD005416,CUST00544,2024-09-23,23.17
ORD005800,CUST00195,2024-09-23,105.56
ORD000615,CUST00401,2024-09-23,23.3
ORD005296,CUST00837,2024-09-23,761.97
ORD005637,CUST00044,2024-09-23,63.09
ORD004115,CUST00968,2024-09-24,46.81
ORD005956,CUST00449,2024-09-24,237.55
ORD003557,CUST00743,2024-09-24,807.72
ORD001811,CUST00339,2024-09-24,70.69
ORD001833,CUST00681,2024-09-24,37.15
ORD004435,CUST00417,2024-09-24,392.88
ORD001721,CUST00910,2024-09-24,252.86
ORD005976,CUST00339,2024-09-24,92.38
ORD003836,CUST00695,2024-09-25,63.88
ORD002722,CUST00393,2024-09-25,190.06
ORD000434,CUST00795,2024-09-25,419.18
ORD004412,CUST00262,2024-09-25,8.21
ORD004672,CUST00338,2024-09-26,306.6
ORD001433,CUST00041,2024-09-26,383.15
ORD001060,CUST00096,2024-09-26,56.78
ORD004990,CUST00179,2024-09-26,292.12
ORD001540,CUST00617,2024-09-26,387.29
ORD000399,CUST00104,2024-09-26,252.46
ORD004799,CUST00324,2024-09-26,23.15
ORD003081,CUST00519,2024-09-27,69.45
ORD005909,CUST00518,2024-09-27,8.44
ORD003737,CUST00618,2024-09-27,54.51
ORD004490,CUST00298,2024-09-27,63.39
ORD000714,CUST00892,2024-09-27,289.09
ORD002817,CUST00585,2024-09-27,4.93
ORD003192,CUST00193,2024-09-27,31.91
ORD001213,CUST00047,2024-09-27,294.41
ORD002442,CUST00823,2024-09-27,176.41
ORD000204,CUST00534,2024-09-27,336.38
ORD000628,CUST00628,2024-09-28,317.87
ORD004371,CUST00398,2024-09-28,116.32
ORD004283,CUST00017,2024-09-28,383.88
ORD003792,CUST00257,2024-09-28,149.05
ORD000577,CUST00618,2024-09-28,19.68
ORD000730,CUST00298,2024-09-28,110.75
ORD002320,CUST00522,2024-09-28,122.09
ORD001190,CUST00032,2024-09-28,688.26
ORD002626,CUST00993,2024-09-28,52.28
ORD005466,CUST00423,2024-09-28,54.51
ORD005558,CUST00892,2024-09-28,25.9
ORD005754,CUST00941,2024-09-28,54.51
ORD002459,CUST00428,2024-09-28,41.8
ORD001521,CUST00697,2024-09-28,39.79
ORD004886,CUST00213,2024-09-28,63.82
ORD002407,CUST00833,2024-09-28,641.41
ORD002446,CUST00769,2024-09-29,8.44
ORD001312,CUST00372,2024-09-29,206.17
ORD001787,CUST00158,2024-09-29,760.17
ORD003138,CUST00389,2024-09-29,345.35
ORD001059,CUST00018,2024-09-29,899.75
ORD005890,CUST00617,2024-09-29,338.09
ORD003462,CUST00192,2024-09-29,39.71
ORD001572,CUST00155,2024-09-29,190.06
ORD004618,CUST00199,2024-09-29,149.2
ORD003429,CUST00838,2024-09-29,256.98
ORD004836,CUST00993,2024-09-29,92.67
ORD005917,CUST00334,2024-09-30,37.89
ORD000509,CUST00331,2024-09-30,42.13
ORD002385,CUST00079,2024-09-30,200.47
ORD002073,CUST00187,2024-09-30,7.8
ORD003450,CUST00170,2024-09-30,234.67
ORD002830,CUST00826,2024-09-30,23.15
ORD003010,CUST00635,2024-09-30,5.8
ORD004102,CUST00798,2024-09-30,170.34
ORD002236,CUST00399,2024-10-01,1371.67
ORD001162,CUST00637,2024-10-01,39.71
ORD003201,CUST00226,2024-10-01,295.2
ORD002129,CUST00477,2024-10-01,96.3
ORD005551,CUST00526,2024-10-01,395.83
ORD000545,CUST00800,2024-10-01,186.85
ORD000859,CUST00536,2024-10-01,678.25
ORD004906,CUST00389,2024-10-01,837.69
ORD000402,CUST00842,2024-10-01,739.2
ORD002042,CUST00448,2024-10-01,345.95
ORD004139,CUST00313,2024-10-01,145.18
ORD005864,CUST00968,2024-10-01,469.55
ORD002861,CUST00601,2024-10-02,566.82
ORD001745,CUST00989,2024-10-02,167.91
ORD000853,CUST00637,2024-10-02,401.73
ORD003679,CUST00200,2024-10-02,61.64
ORD004671,CUST00128,2024-10-02,237.37
ORD000851,CUST00085,2024-10-02,69.65
ORD002787,CUST00289,2024-10-02,105.56
ORD003080,CUST00517,2024-10-02,88.61
ORD005249,CUST00469,2024-10-02,105.21
ORD004279,CUST00941,2024-10-02,1018.33
ORD004908,CUST00980,2024-10-02,81.77
ORD003507,CUST00287,2024-10-02,377.88
ORD004619,CUST00755,2024-10-02,25.9
ORD003109,CUST00715,2024-10-02,59.94
ORD004516,CUST00827,2024-10-03,286.37
ORD001533,CUST00744,2024-10-03,186.88
ORD002885,CUST00762,2024-10-03,138.61
ORD004545,CUST00034,2024-10-03,560.98
ORD000965,CUST00463,2024-10-03,483.43
ORD004762,CUST00031,2024-10-03,147.01
ORD005066,CUST00749,2024-10-03,680.18
ORD001849,CUST00750,2024-10-03,125.75
ORD001814,CUST00110,2024-10-03,560.64
ORD001913,CUST00127,2024-10-04,98.63
ORD004540,CUST00424,2024-10-04,627.62
ORD002314,CUST00389,2024-10-04,131.98
ORD004266,CUST00993,2024-10-04,190.06
ORD000230,CUST00165,2024-10-04,27.12
ORD002455,CUST00159,2024-10-04,37.13
ORD004336,CUST00096,2024-10-04,23.3
ORD002578,CUST00008,2024-10-04,302.8
ORD005394,CUST00724,2024-10-05,46.33
ORD005213,CUST00200,2024-10-05,190.06
ORD003028,CUST00628,2024-10-05,107.68
ORD000330,CUST00633,2024-10-05,41.67
ORD005564,CUST00645,2024-10-05,154.46
ORD005471,CUST00755,2024-10-05,63.09
ORD001709,CUST00748,2024-10-05,152.05
ORD002251,CUST00708,2024-10-05,566.82
ORD001158,CUST00740,2024-10-05,329.43
ORD002413,CUST00270,2024-10-05,128.57
ORD002920,CUST00835,2024-10-06,54.35
ORD004987,CUST00531,2024-10-06,152.27
ORD003000,CUST00755,2024-10-06,113.76
ORD003336,CUST00925,2024-10-06,155.47
ORD001635,CUST00519,2024-10-06,124.36
ORD000489,CUST00608,2024-10-06,144.16
ORD002012,CUST00196,2024-10-06,94.14
ORD005597,CUST00236,2024-10-06,710.9
ORD003129,CUST00048,2024-10-06,21.55
ORD001490,CUST00851,2024-10-06,63.09
ORD004774,CUST00667,2024-10-06,223.85
ORD000251,CUST00588,2024-10-07,678.56
ORD001228,CUST00092,2024-10-07,214.16
ORD004598,CUST00602,2024-10-07,61.16
ORD005715,CUST00346,2024-10-07,394.84
ORD005142,CUST00411,2024-10-07,131.46
ORD004447,CUST00771,2024-10-07,31.91
ORD005010,CUST00985,2024-10-07,38.34
ORD001260,CUST00638,2024-10-08,850.23
ORD005164,CUST00284,2024-10-08,300.04
ORD003835,CUST00054,2024-10-08,76.82
ORD001876,CUST00565,2024-10-08,672.04
ORD004150,CUST00638,2024-10-08,86.33
ORD005244,CUST00192,2024-10-08,283.58
ORD005405,CUST00034,2024-10-08,43.71
ORD003147,CUST00553,2024-10-08,31.91
ORD001727,CUST00008,2024-10-08,54.51
ORD002950,CUST00653,2024-10-09,31.91
ORD004199,CUST00244,2024-10-09,380.12
ORD002357,CUST00833,2024-10-09,126.18
ORD004708,CUST00034,2024-10-09,245.41
ORD003713,CUST00027,2024-10-09,83.6
ORD003387,CUST00583,2024-10-09,147.65
ORD003452,CUST00751,2024-10-09,7.8
ORD004306,CUST00432,2024-10-09,195.44
ORD005460,CUST00410,2024-10-09,239.85
ORD002130,CUST00781,2024-10-09,208.95
ORD005016,CUST00268,2024-10-09,234.58
ORD004535,CUST00757,2024-10-09,120.82
ORD003775,CUST00851,2024-10-10,87.12
ORD005033,CUST00408,2024-10-10,46.48
ORD001507,CUST00649,2024-10-10,284.16
ORD003991,CUST00181,2024-10-10,455.17
ORD005914,CUST00269,2024-10-10,859.12
ORD001358,CUST00392,2024-10-10,243.03
ORD005129,CUST00440,2024-10-10,112.31
ORD002397,CUST00120,2024-10-10,5.8
ORD003904,CUST00993,2024-10-10,223.92
ORD001561,CUST00149,2024-10-10,373.76
ORD002094,CUST00957,2024-10-11,194.68
ORD005461,CUST00344,2024-10-11,46.81
ORD003654,CUST00690,2024-10-11,297.03
ORD001409,CUST00596,2024-10-11,23.17
ORD004847,CUST00667,2024-10-11,9.86
ORD000720,CUST00522,2024-10-11,41.8
ORD001980,CUST00568,2024-10-11,64.38
ORD001933,CUST00927,2024-10-11,401.75
ORD004310,CUST00450,2024-10-11,17.48
ORD000078,CUST00613,2024-10-11,17.48
ORD003125,CUST00206,2024-10-12,140.95
ORD005281,CUST00189,2024-10-12,41.8
ORD004500,CUST00748,2024-10-12,43.71
ORD005198,CUST00520,2024-10-12,29.72
ORD001789,CUST00645,2024-10-12,82.65
ORD002198,CUST00366,2024-10-12,389.19
ORD003035,CUST00645,2024-10-12,587.66
ORD000227,CUST00885,2024-10-12,392.22
ORD005624,CUST00816,2024-10-12,16.61
ORD003638,CUST00580,2024-10-12,139.44
ORD000683,CUST00711,2024-10-12,56.99
ORD004090,CUST00645,2024-10-13,741.49
ORD005395,CUST00634,2024-10-13,306.09
ORD003316,CUST00077,2024-10-13,364.39
ORD005655,CUST00891,2024-10-13,592.35
ORD002057,CUST00892,2024-10-13,159.64
ORD003520,CUST00480,2024-10-13,23.15
ORD005397,CUST00747,2024-10-13,69.45
ORD003206,CUST00432,2024-10-13,31.91
ORD001479,CUST00522,2024-10-13,227.49
ORD000527,CUST00817,2024-10-13,31.91
ORD000956,CUST00534,2024-10-14,32.33
ORD002367,CUST00910,2024-10-14,165.08
ORD004424,CUST00595,2024-10-14,602.3
ORD002640,CUST00984,2024-10-14,337.92
ORD005609,CUST00761,2024-10-14,8.44
ORD005114,CUST00866,2024-10-14,685.16
ORD005125,CUST00537,2024-10-14,87.52
ORD003594,CUST00579,2024-10-14,78.72
ORD002024,CUST00390,2024-10-14,180.56
ORD004557,CUST00087,2024-10-14,303.22
ORD000282,CUST00107,2024-10-14,33.21
ORD005196,CUST00289,2024-10-15,75.62
ORD003065,CUST00181,2024-10-15,303.17
ORD005626,CUST00499,2024-10-15,17.48
ORD000224,CUST00855,2024-10-15,140.43
ORD003765,CUST00811,2024-10-15,59.03
ORD004753,CUST00889,2024-10-15,135.71
ORD003858,CUST00502,2024-10-15,16.88
ORD001732,CUST00612,2024-10-15,177.54
ORD005022,CUST00025,2024-10-15,31.91
ORD003548,CUST00488,2024-10-15,54.51
ORD001157,CUST00531,2024-10-15,59.94
ORD002601,CUST00867,2024-10-15,198.39
ORD000690,CUST00131,2024-10-15,179.93
ORD005985,CUST00816,2024-10-15,106.25
ORD004502,CUST00193,2024-10-16,60.63
ORD003247,CUST00994,2024-10-16,97.24
ORD004148,CUST00809,2024-10-16,90.86
ORD000425,CUST00083,2024-10-16,373.76
ORD002525,CUST00170,2024-10-16,54.51
ORD004389,CUST00202,2024-10-17,408.31
ORD003674,CUST00239,2024-10-17,177.54
ORD003790,CUST00687,2024-10-17,343.21
ORD000846,CUST00993,2024-10-17,54.51
ORD003739,CUST00707,2024-10-17,40.35
ORD004528,CUST00567,2024-10-17,29.72
ORD001893,CUST00190,2024-10-17,49.62
ORD003797,CUST00939,2024-10-17,186.88
ORD000696,CUST00223,2024-10-18,40.03
ORD003570,CUST00240,2024-10-18,322.7
ORD000878,CUST00384,2024-10-18,94.14
ORD001151,CUST00371,2024-10-18,336.91
ORD002566,CUST00975,2024-10-18,300.56
ORD002882,CUST00297,2024-10-18,367.59
ORD003175,CUST00980,2024-10-18,733.17
ORD000580,CUST00244,2024-10-19,210.4
ORD001684,CUST00391,2024-10-19,42.13
ORD002051,CUST00222,2024-10-19,212.46
ORD003438,CUST00680,2024-10-19,6.98
ORD005607,CUST00179,2024-10-19,10.44
ORD005791,CUST00414,2024-10-19,23.15
ORD000079,CUST00974,2024-10-19,158.7
ORD002979,CUST00192,2024-10-19,23.15
ORD002899,CUST00983,2024-10-19,46.48
ORD005592,CUST00640,2024-10-19,441.89
ORD005919,CUST00231,2024-10-19,159.72
ORD004314,CUST00594,2024-10-19,118.02
ORD000540,CUST00634,2024-10-20,90.7
ORD005669,CUST00994,2024-10-20,46.81
ORD001947,CUST00300,2024-10-20,361.27
ORD004397,CUST00941,2024-10-20,147.72
ORD005878,CUST00852,2024-10-20,9.86
ORD004130,CUST00129,2024-10-20,264.37
ORD002235,CUST00697,2024-10-20,226.73
ORD003563,CUST00177,2024-10-20,283.84
ORD004641,CUST00542,2024-10-20,212.05
ORD003750,CUST00737,2024-10-21,720.0
ORD003264,CUST00151,2024-10-21,449.5
ORD005672,CUST00079,2024-10-21,18.52
ORD005457,CUST00948,2024-10-21,566.82
ORD004399,CUST00375,2024-10-21,144.66
ORD002273,CUST00570,2024-10-21,15.73
ORD002762,CUST00372,2024-10-21,78.97
ORD003418,CUST00298,2024-10-21,108.13
ORD003736,CUST00035,2024-10-21,16.88
ORD004952,CUST00985,2024-10-21,44.16
ORD002072,CUST00939,2024-10-21,563.64
ORD002521,CUST00824,2024-10-21,24.53
ORD002068,CUST00333,2024-10-22,235.58
ORD002652,CUST00512,2024-10-22,334.28
ORD003487,CUST00511,2024-10-22,341.29
ORD004425,CUST00813,2024-10-22,118.02
ORD000552,CUST00199,2024-10-22,631.94
ORD005793,CUST00006,2024-10-23,49.06
ORD000530,CUST00401,2024-10-23,122.8
ORD002090,CUST00280,2024-10-23,17.4
ORD002978,CUST00968,2024-10-23,32.55
ORD004777,CUST00671,2024-10-23,274.31
ORD005321,CUST00376,2024-10-23,113.01
ORD004565,CUST00677,2024-10-23,419.01
ORD005644,CUST00552,2024-10-23,35.53
ORD000711,CUST00012,2024-10-24,694.17
ORD002610,CUST00243,2024-10-24,470.07
ORD004307,CUST00185,2024-10-24,142.68
ORD002394,CUST00032,2024-10-24,566.82
ORD002905,CUST00645,2024-10-24,626.58
ORD002694,CUST00755,2024-10-24,513.16
ORD005620,CUST00964,2024-10-24,232.27
ORD004890,CUST00639,2024-10-24,52.6
ORD005499,CUST00149,2024-10-24,41.8
ORD003612,CUST00993,2024-10-24,610.3
ORD005447,CUST00640,2024-10-24,107.11
ORD001103,CUST00530,2024-10-25,197.65
ORD001184,CUST00251,2024-10-25,88.31
ORD005978,CUST00161,2024-10-25,206.95
ORD005765,CUST00454,2024-10-25,447.66
ORD000165,CUST00947,2024-10-25,539.06
ORD001088,CUST00115,2024-10-25,109.95
ORD003678,CUST00208,2024-10-25,246.54
ORD000477,CUST00442,2024-10-26,200.28
ORD005702,CUST00123,2024-10-26,302.64
ORD003561,CUST00052,2024-10-26,8.21
ORD004073,CUST00499,2024-10-26,110.75
ORD001214,CUST00171,2024-10-26,46.81
ORD001212,CUST00079,2024-10-26,296.86
ORD004752,CUST00493,2024-10-26,105.68
ORD004805,CUST00310,2024-10-27,258.38
ORD000593,CUST00429,2024-10-27,41.95
ORD002466,CUST00244,2024-10-27,69.96
ORD001850,CUST00132,2024-10-27,296.42
ORD005865,CUST00302,2024-10-27,361.11
ORD004024,CUST00305,2024-10-27,186.19
ORD000265,CUST00947,2024-10-27,34.02
ORD000187,CUST00637,2024-10-27,20.85
ORD000239,CUST00496,2024-10-27,269.24
ORD005858,CUST00328,2024-10-27,226.2
ORD005227,CUST00637,2024-10-28,373.76
ORD004571,CUST00821,2024-10-28,84.47
ORD005972,CUST00144,2024-10-28,23.15
ORD004450,CUST00629,2024-10-28,5.22
ORD001963,CUST00573,2024-10-28,311.72
ORD000749,CUST00082,2024-10-28,236.15
ORD001440,CUST00815,2024-10-28,83.6
ORD003589,CUST00544,2024-10-28,34.96
ORD005377,CUST00228,2024-10-28,336.91
ORD004797,CUST00567,2024-10-28,277.33
ORD000770,CUST00045,2024-10-28,95.94
ORD001950,CUST00280,2024-10-29,106.42
ORD002056,CUST00244,2024-10-29,93.91
ORD004374,CUST00287,2024-10-29,290.85
ORD002701,CUST00935,2024-10-29,356.47
ORD004353,CUST00495,2024-10-29,49.1
ORD001494,CUST00338,2024-10-29,6.98
ORD004492,CUST00638,2024-10-29,17.48
ORD003466,CUST00871,2024-10-29,194.48
ORD004964,CUST00622,2024-10-29,362.83
ORD003929,CUST00442,2024-10-29,403.42
ORD004597,CUST00124,2024-10-30,117.23
ORD000579,CUST00170,2024-10-30,336.91
ORD000710,CUST00372,2024-10-30,101.4
ORD004798,CUST00197,2024-10-30,56.45
ORD001661,CUST00983,2024-10-30,114.72
ORD005270,CUST00603,2024-10-30,1100.06
ORD005505,CUST00895,2024-10-30,40.16
ORD001944,CUST00935,2024-10-31,168.19
ORD002025,CUST00781,2024-10-31,304.33
ORD000250,CUST00523,2024-10-31,27.26
ORD002646,CUST00681,2024-10-31,46.48
ORD001960,CUST00740,2024-10-31,269.24
ORD002930,CUST00518,2024-10-31,108.77
ORD002741,CUST00440,2024-10-31,227.24
ORD000053,CUST00817,2024-10-31,140.05
ORD000354,CUST00079,2024-10-31,109.3
ORD000076,CUST00115,2024-10-31,99.42
ORD005161,CUST00757,2024-10-31,53.63
ORD003566,CUST00108,2024-11-01,53.63
ORD002252,CUST00310,2024-11-01,681.21
ORD003804,CUST00079,2024-11-01,109.02
ORD001854,CUST00174,2024-11-01,97.24
ORD000929,CUST00979,2024-11-01,23.17
ORD002668,CUST00358,2024-11-01,614.46
ORD001065,CUST00681,2024-11-01,23.3
ORD005286,CUST00319,2024-11-01,87.42
ORD005575,CUST00481,2024-11-01,660.6
ORD004936,CUST00411,2024-11-02,117.29
ORD004232,CUST00194,2024-11-02,96.31
ORD003375,CUST00025,2024-11-02,377.28
ORD005526,CUST00084,2024-11-02,213.46
ORD000979,CUST00868,2024-11-02,190.06
ORD002393,CUST00480,2024-11-02,7.6
ORD004181,CUST00440,2024-11-02,202.75
ORD004055,CUST00113,2024-11-02,104.27
ORD005046,CUST00435,2024-11-02,255.07
ORD005473,CUST00289,2024-11-02,30.75
ORD005278,CUST00566,2024-11-02,480.94
ORD001187,CUST00618,2024-11-03,490.96
ORD005331,CUST00555,2024-11-03,11.34
ORD005241,CUST00074,2024-11-03,397.12
ORD004769,CUST00623,2024-11-03,8.44
ORD000142,CUST00079,2024-11-03,244.34
ORD005796,CUST00486,2024-11-03,163.97
ORD001032,CUST00541,2024-11-03,43.71
ORD005398,CUST00961,2024-11-03,808.82
ORD005870,CUST00464,2024-11-03,420.86
ORD001233,CUST00401,2024-11-03,65.51
ORD000790,CUST00392,2024-11-03,19.68
ORD003298,CUST00399,2024-11-04,181.11
ORD003392,CUST00537,2024-11-04,73.37
ORD005315,CUST00421,2024-11-04,190.06
ORD002618,CUST00328,2024-11-04,273.39
ORD002378,CUST00925,2024-11-04,46.33
ORD003332,CUST00852,2024-11-04,37.62
ORD001763,CUST00327,2024-11-04,63.09
ORD002337,CUST00599,2024-11-04,236.24
ORD002022,CUST00048,2024-11-04,366.48
ORD003763,CUST00322,2024-11-04,170.34
ORD000522,CUST00296,2024-11-04,119.2
ORD003331,CUST00811,2024-11-05,98.59
ORD004522,CUST00588,2024-11-05,58.55
ORD005549,CUST00238,2024-11-06,340.89
ORD001295,CUST00561,2024-11-06,606.15
ORD003932,CUST00536,2024-11-06,314.84
ORD000548,CUST00976,2024-11-06,11.34
ORD005135,CUST00926,2024-11-06,52.68
ORD003196,CUST00561,2024-11-06,191.21
ORD002216,CUST00595,2024-11-06,5.8
ORD003734,CUST00461,2024-11-07,13.98
ORD002386,CUST00181,2024-11-07,132.11
ORD000418,CUST00429,2024-11-07,17.48
ORD003846,CUST00830,2024-11-07,31.19
ORD005163,CUST00334,2024-11-07,579.8
ORD003230,CUST00485,2024-11-07,349.21
ORD002147,CUST00892,2024-11-07,288.63
ORD004392,CUST00319,2024-11-07,110.75
ORD004128,CUST00409,2024-11-07,269.24
ORD001116,CUST00884,2024-11-07,23.15
ORD003385,CUST00345,2024-11-07,27.26
ORD005641,CUST00697,2024-11-07,186.88
ORD003420,CUST00678,2024-11-07,942.86
ORD001437,CUST00689,2024-11-07,260.57
ORD004037,CUST00273,2024-11-07,584.55
ORD003872,CUST00851,2024-11-07,168.01
ORD000597,CUST00140,2024-11-08,307.94
ORD005831,CUST00238,2024-11-08,198.75
ORD002815,CUST00892,2024-11-08,28.06
ORD002686,CUST00462,2024-11-08,286.37
ORD000994,CUST00925,2024-11-08,92.38
ORD001481,CUST00681,2024-11-08,44.47
ORD000864,CUST00933,2024-11-08,9.64
ORD003715,CUST00979,2024-11-08,42.13
ORD002272,CUST00502,2024-11-08,176.68
ORD003006,CUST00557,2024-11-08,23.17
ORD001729,CUST00984,2024-11-09,19.68
ORD005671,CUST00747,2024-11-09,374.54
ORD000436,CUST00710,2024-11-09,37.45
ORD004621,CUST00887,2024-11-09,71.99
ORD001099,CUST00157,2024-11-09,266.99
ORD004683,CUST00155,2024-11-09,618.34
ORD004163,CUST00091,2024-11-09,329.6
ORD000835,CUST00828,2024-11-09,621.31
ORD004076,CUST00985,2024-11-09,119.87
ORD004366,CUST00206,2024-11-10,56.78
ORD003467,CUST00207,2024-11-10,16.61
ORD000033,CUST00825,2024-11-10,79.02
ORD001627,CUST00402,2024-11-10,460.95
ORD002991,CUST00389,2024-11-10,51.92
ORD002375,CUST00306,2024-11-10,112.88
ORD005713,CUST00193,2024-11-10,180.88
ORD005274,CUST00755,2024-11-10,171.05
ORD005202,CUST00518,2024-11-10,190.06
ORD000950,CUST00749,2024-11-11,24.53
ORD003128,CUST00226,2024-11-11,22.08
ORD001992,CUST00956,2024-11-11,27.26
ORD003829,CUST00063,2024-11-11,322.15
ORD001846,CUST00085,2024-11-11,105.56
ORD000857,CUST00909,2024-11-11,83.6
ORD000706,CUST00393,2024-11-11,34.96
ORD004523,CUST00499,2024-11-11,240.9
ORD005661,CUST00776,2024-11-11,8.44
ORD003831,CUST00630,2024-11-11,31.12
ORD004341,CUST00193,2024-11-11,518.73
ORD000704,CUST00968,2024-11-11,380.12
ORD002760,CUST00372,2024-11-11,156.78
ORD002511,CUST00429,2024-11-11,171.8
ORD004690,CUST00381,2024-11-11,63.82
ORD002553,CUST00027,2024-11-12,188.88
ORD002717,CUST00058,2024-11-12,351.87
ORD003437,CUST00716,2024-11-12,68.34
ORD000983,CUST00817,2024-11-12,284.18
ORD004828,CUST00238,2024-11-12,54.25
ORD000986,CUST00029,2024-11-12,59.52
ORD001801,CUST00650,2024-11-12,284.88
ORD004879,CUST00158,2024-11-13,39.34
ORD001432,CUST00017,2024-11-13,43.61
ORD004452,CUST00131,2024-11-13,171.31
ORD000513,CUST00346,2024-11-13,443.22
ORD005918,CUST00645,2024-11-13,26.2
ORD003265,CUST00537,2024-11-13,11.34
ORD001328,CUST00671,2024-11-13,16.04
ORD004617,CUST00149,2024-11-13,47.2
ORD003253,CUST00687,2024-11-13,10.44
ORD005891,CUST00747,2024-11-14,703.42
ORD004994,CUST00757,2024-11-14,104.2
ORD000067,CUST00171,2024-11-14,17.48
ORD003121,CUST00399,2024-11-14,213.8
ORD003426,CUST00076,2024-11-14,113.56
ORD002907,CUST00921,2024-11-14,141.35
ORD002606,CUST00017,2024-11-14,186.41
ORD002169,CUST00870,2024-11-14,24.53
ORD005292,CUST00804,2024-11-15,60.99
ORD003224,CUST00667,2024-11-15,88.94
ORD002516,CUST00277,2024-11-15,49.06
ORD001379,CUST00048,2024-11-15,9.07
ORD004887,CUST00074,2024-11-15,49.43
ORD003985,CUST00123,2024-11-16,44.16
ORD003865,CUST00149,2024-11-16,207.54
ORD003574,CUST00935,2024-11-16,365.27
ORD001617,CUST00795,2024-11-16,185.96
ORD002599,CUST00884,2024-11-16,277.13
ORD000998,CUST00643,2024-11-16,45.59
ORD003072,CUST00645,2024-11-16,117.29
ORD000068,CUST00517,2024-11-16,90.24
ORD004709,CUST00081,2024-11-16,95.5
ORD002963,CUST00844,2024-11-16,949.31
ORD005254,CUST00366,2024-11-17,5.8
ORD004487,CUST00870,2024-11-17,291.01
ORD004201,CUST00956,2024-11-17,654.58
ORD005493,CUST00892,2024-11-17,7.8
ORD001200,CUST00170,2024-11-17,141.82
ORD001335,CUST00808,2024-11-17,281.89
ORD000244,CUST00711,2024-11-17,27.26
ORD002832,CUST00716,2024-11-17,191.12
ORD005844,CUST00562,2024-11-18,58.57
ORD003449,CUST00835,2024-11-18,297.34
ORD002388,CUST00219,2024-11-18,200.28
ORD001173,CUST00197,2024-11-18,357.43
ORD000243,CUST00048,2024-11-19,291.21
ORD004891,CUST00948,2024-11-19,7.6
ORD005381,CUST00673,2024-11-19,21.55
ORD005508,CUST00006,2024-11-19,827.01
ORD004914,CUST00249,2024-11-19,1135.88
ORD004220,CUST00327,2024-11-19,72.21
ORD002859,CUST00544,2024-11-19,25.32
ORD005933,CUST00909,2024-11-19,143.61
ORD003319,CUST00158,2024-11-19,41.47
ORD004304,CUST00751,2024-11-19,32.74
ORD005038,CUST00371,2024-11-19,109.02
ORD002439,CUST00682,2024-11-19,59.94
ORD000051,CUST00554,2024-11-20,106.0
ORD001805,CUST00808,2024-11-20,446.24
ORD003686,CUST00310,2024-11-20,106.97
ORD003272,CUST00306,2024-11-20,166.07
ORD000488,CUST00109,2024-11-20,374.08
ORD002364,CUST00149,2024-11-20,285.32
ORD001496,CUST00257,2024-11-20,41.83
ORD001427,CUST00187,2024-11-20,104.91
ORD003150,CUST00578,2024-11-20,46.81
ORD004723,CUST00106,2024-11-21,214.59
ORD003099,CUST00851,2024-11-21,288.04
ORD003580,CUST00957,2024-11-21,617.09
ORD004119,CUST00860,2024-11-21,21.55
ORD004632,CUST00929,2024-11-21,69.45
ORD003551,CUST00994,2024-11-21,99.68
ORD005989,CUST00110,2024-11-21,110.75
ORD000523,CUST00088,2024-11-22,219.9
ORD005668,CUST00940,2024-11-22,110.75
ORD000781,CUST00515,2024-11-22,47.1
ORD000554,CUST00200,2024-11-22,481.8
ORD003961,CUST00642,2024-11-22,169.23
ORD005291,CUST00525,2024-11-22,271.3
ORD000022,CUST00553,2024-11-22,28.72
ORD004208,CUST00052,2024-11-22,194.7
ORD002120,CUST00745,2024-11-22,46.81
ORD000807,CUST00567,2024-11-22,453.46
ORD002033,CUST00159,2024-11-23,313.72
ORD003977,CUST00336,2024-11-23,791.11
ORD004558,CUST00207,2024-11-23,96.15
ORD003963,CUST00486,2024-11-23,218.78
ORD004525,CUST00635,2024-11-23,7.8
ORD004928,CUST00193,2024-11-23,158.82
ORD001966,CUST00681,2024-11-23,17.48
ORD003218,CUST00749,2024-11-23,29.72
ORD004285,CUST00225,2024-11-24,190.06
ORD005587,CUST00633,2024-11-24,657.88
ORD000524,CUST00885,2024-11-24,149.96
ORD005598,CUST00150,2024-11-24,180.56
ORD004413,CUST00481,2024-11-24,96.97
ORD004634,CUST00635,2024-11-24,43.71
ORD002164,CUST00574,2024-11-24,16.42
ORD003363,CUST00200,2024-11-24,445.62
ORD002981,CUST00048,2024-11-24,315.64
ORD003900,CUST00963,2024-11-24,435.99
ORD003031,CUST00085,2024-11-25,11.6
ORD000296,CUST00436,2024-11-25,208.79
ORD003411,CUST00619,2024-11-25,155.22
ORD005333,CUST00038,2024-11-25,88.94
ORD002644,CUST00854,2024-11-25,17.4
ORD004679,CUST00328,2024-11-25,112.22
ORD001327,CUST00860,2024-11-25,190.06
ORD000849,CUST00852,2024-11-26,274.46
ORD002820,CUST00215,2024-11-26,86.09
ORD003752,CUST00751,2024-11-26,41.52
ORD003862,CUST00666,2024-11-26,120.07
ORD001901,CUST00359,2024-11-26,713.47
ORD001748,CUST00517,2024-11-27,376.54
ORD005408,CUST00657,2024-11-27,614.88
ORD002380,CUST00371,2024-11-27,49.06
ORD000014,CUST00645,2024-11-27,61.57
ORD003800,CUST00925,2024-11-27,212.78
ORD005766,CUST00892,2024-11-27,85.54
ORD001648,CUST00823,2024-11-27,54.51
ORD001985,CUST00383,2024-11-27,114.37
ORD004195,CUST00981,2024-11-27,235.8
ORD004948,CUST00737,2024-11-28,5.51
ORD001341,CUST00485,2024-11-28,46.48
ORD005214,CUST00778,2024-11-28,43.3
ORD001439,CUST00298,2024-11-28,186.88
ORD000291,CUST00855,2024-11-28,43.71
ORD002713,CUST00532,2024-11-28,222.69
ORD003447,CUST00456,2024-11-28,194.48
ORD004794,CUST00904,2024-11-28,235.34
ORD004839,CUST00230,2024-11-28,283.41
ORD004257,CUST00735,2024-11-29,224.15
ORD000886,CUST00025,2024-11-29,15.73
ORD005867,CUST00771,2024-11-29,710.67
ORD001577,CUST00222,2024-11-29,421.75
ORD002758,CUST00074,2024-11-29,366.54
ORD001394,CUST00519,2024-11-29,283.41
ORD005131,CUST00771,2024-11-29,51.84
ORD001050,CUST00664,2024-11-29,279.26
ORD002283,CUST00745,2024-11-29,631.83
ORD002030,CUST00616,2024-11-29,465.82
ORD004510,CUST00868,2024-11-30,186.88
ORD002069,CUST00071,2024-11-30,24.53
ORD002523,CUST00262,2024-11-30,125.9
ORD003203,CUST00197,2024-11-30,120.46
ORD004646,CUST00531,2024-11-30,755.43
ORD003356,CUST00815,2024-11-30,589.63
ORD000444,CUST00585,2024-12-01,388.41
ORD006469,CUST00029,2024-12-01,205.66
ORD001708,CUST00715,2024-12-01,60.63
ORD005593,CUST00756,2024-12-01,176.63
ORD006478,CUST00657,2024-12-01,111.43
ORD004476,CUST00206,2024-12-01,273.29
ORD004951,CUST00993,2024-12-01,87.42
ORD000914,CUST00820,2024-12-01,169.89
ORD001978,CUST00734,2024-12-01,54.75
ORD006507,CUST00248,2024-12-01,10.77
ORD003193,CUST00903,2024-12-01,11.34
ORD006490,CUST00824,2024-12-01,46.81
ORD002123,CUST00482,2024-12-01,604.35
ORD001449,CUST00810,2024-12-01,54.51
ORD000060,CUST00129,2024-12-01,175.03
ORD004323,CUST00313,2024-12-01,27.19
ORD001629,CUST00774,2024-12-01,267.8
ORD001567,CUST00230,2024-12-01,589.38
ORD001587,CUST00083,2024-12-01,16.04
ORD006400,CUST00529,2024-12-01,123.31
ORD006592,CUST00491,2024-12-01,380.12
ORD006386,CUST00153,2024-12-01,11.34
ORD006595,CUST00949,2024-12-01,70.86
ORD004270,CUST00413,2024-12-01,88.43
ORD006320,CUST00439,2024-12-02,73.45
ORD005595,CUST00961,2024-12-02,179.91
ORD002728,CUST00542,2024-12-02,283.41
ORD006520,CUST00854,2024-12-02,336.85
ORD006404,CUST00578,2024-12-02,39.71
ORD003893,CUST00162,2024-12-02,11.02
ORD003455,CUST00618,2024-12-02,450.71
ORD006559,CUST00198,2024-12-02,23.15
ORD004666,CUST00448,2024-12-02,110.75
ORD006413,CUST00294,2024-12-02,14.86
ORD005280,CUST00049,2024-12-02,453.02
ORD006371,CUST00859,2024-12-02,917.87
ORD005803,CUST00614,2024-12-02,54.51
ORD006457,CUST00160,2024-12-02,209.68
ORD005988,CUST00385,2024-12-02,270.16
ORD006470,CUST00645,2024-12-02,109.02
ORD006579,CUST00649,2024-12-02,289.76
ORD004681,CUST00038,2024-12-02,23.4
ORD006571,CUST00043,2024-12-02,510.12
ORD000132,CUST00741,2024-12-02,1237.98
ORD006480,CUST00769,2024-12-02,862.29
ORD001658,CUST00507,2024-12-02,131.13
ORD002483,CUST00680,2024-12-02,1019.76
ORD006597,CUST00996,2024-12-03,236.04
ORD006523,CUST00160,2024-12-03,119.19
ORD006467,CUST00269,2024-12-03,41.8
ORD002186,CUST00085,2024-12-03,56.86
ORD006463,CUST00238,2024-12-03,113.2
ORD004189,CUST00358,2024-12-03,341.57
ORD003525,CUST00694,2024-12-03,261.9
ORD006338,CUST00939,2024-12-03,186.88
ORD006506,CUST00736,2024-12-03,373.76
ORD006305,CUST00996,2024-12-03,51.78
ORD005789,CUST00793,2024-12-03,283.76
ORD006473,CUST00835,2024-12-03,408.32
ORD004862,CUST00401,2024-12-03,261.18
ORD003199,CUST00970,2024-12-03,241.24
ORD006406,CUST00339,2024-12-03,403.66
ORD005772,CUST00355,2024-12-03,303.22
ORD006429,CUST00893,2024-12-03,217.2
ORD006435,CUST00487,2024-12-04,54.25
ORD006327,CUST00687,2024-12-04,17.48
ORD006460,CUST00025,2024-12-04,62.99
ORD006465,CUST00647,2024-12-04,184.61
ORD001159,CUST00222,2024-12-04,23.15
ORD006420,CUST00351,2024-12-04,27.26
ORD006489,CUST00769,2024-12-04,34.96
ORD001537,CUST00225,2024-12-04,134.1
ORD006417,CUST00972,2024-12-04,51.78
ORD006405,CUST00861,2024-12-04,72.43
ORD006366,CUST00584,2024-12-04,37.71
ORD002108,CUST00057,2024-12-04,99.7
ORD006361,CUST00719,2024-12-04,41.8
ORD006444,CUST00266,2024-12-04,173.03
ORD006360,CUST00206,2024-12-04,412.23
ORD002410,CUST00508,2024-12-04,111.46
ORD002274,CUST00373,2024-12-04,117.6
ORD006543,CUST00771,2024-12-04,80.35
ORD004172,CUST00769,2024-12-04,109.45
ORD006578,CUST00468,2024-12-04,9.64
ORD004457,CUST00768,2024-12-05,46.81
ORD006437,CUST00024,2024-12-05,17.48
ORD003064,CUST00193,2024-12-05,171.05
ORD006318,CUST00438,2024-12-05,39.51
ORD002710,CUST00419,2024-12-05,155.76
ORD000149,CUST00031,2024-12-05,54.52
ORD006584,CUST00894,2024-12-05,116.43
ORD003372,CUST00674,2024-12-05,97.24
ORD006497,CUST00965,2024-12-05,20.84
ORD002740,CUST00160,2024-12-05,9.64
ORD006590,CUST00933,2024-12-05,796.62
ORD006337,CUST00976,2024-12-05,54.51
ORD006537,CUST00776,2024-12-05,25.32
ORD006372,CUST00654,2024-12-05,211.12
ORD002996,CUST00172,2024-12-05,620.33
ORD000205,CUST00249,2024-12-05,465.54
ORD006367,CUST00859,2024-12-05,27.26
ORD006532,CUST00025,2024-12-05,140.43
ORD004711,CUST00603,2024-12-05,153.96
ORD001411,CUST00037,2024-12-05,21.99
ORD004355,CUST00448,2024-12-06,224.02
ORD004784,CUST00956,2024-12-06,112.06
ORD000960,CUST00674,2024-12-06,694.28
ORD005298,CUST00863,2024-12-06,673.82
ORD006546,CUST00084,2024-12-06,111.43
ORD001979,CUST00149,2024-12-06,243.65
ORD006545,CUST00084,2024-12-06,111.43
ORD000094,CUST00219,2024-12-06,456.14
ORD006498,CUST00878,2024-12-06,117.29
ORD000198,CUST00892,2024-12-06,68.89
ORD006391,CUST00965,2024-12-06,1062.12
ORD002635,CUST00941,2024-12-06,54.51
ORD006447,CUST00326,2024-12-06,11.34
ORD006488,CUST00650,2024-12-06,240.9
ORD003622,CUST00800,2024-12-06,124.66
ORD001816,CUST00941,2024-12-06,11.6
ORD006561,CUST00645,2024-12-06,184.76
ORD001393,CUST00364,2024-12-06,11.34
ORD006389,CUST00721,2024-12-06,101.1
ORD001624,CUST00690,2024-12-06,27.26
ORD006567,CUST00165,2024-12-06,117.29
ORD006472,CUST00674,2024-12-06,64.42
ORD000268,CUST00806,2024-12-07,464.86
ORD000910,CUST00085,2024-12-07,175.7
ORD006493,CUST00681,2024-12-07,37.15
ORD006443,CUST00603,2024-12-07,1100.06
ORD001294,CUST00399,2024-12-07,69.94
ORD006451,CUST00232,2024-12-07,258.57
ORD004969,CUST00992,2024-12-07,61.06
ORD006554,CUST00462,2024-12-07,249.97
ORD001861,CUST00170,2024-12-07,181.24
ORD003706,CUST00117,2024-12-07,382.83
ORD006531,CUST00447,2024-12-07,330.59
ORD006331,CUST00491,2024-12-07,118.14
ORD006384,CUST00674,2024-12-07,54.84
ORD004588,CUST00628,2024-12-07,528.43
ORD006516,CUST00559,2024-12-07,70.97
ORD006392,CUST00327,2024-12-08,72.21
ORD006362,CUST00480,2024-12-08,213.36
ORD006572,CUST00645,2024-12-08,137.69
ORD000471,CUST00130,2024-12-08,67.46
ORD003757,CUST00515,2024-12-08,11.34
ORD000640,CUST00691,2024-12-08,105.56
ORD006395,CUST00727,2024-12-08,208.41
ORD002584,CUST00502,2024-12-08,186.88
ORD002518,CUST00810,2024-12-08,63.09
ORD000371,CUST00810,2024-12-08,110.57
ORD002557,CUST00715,2024-12-08,44.16
ORD006587,CUST00525,2024-12-08,115.48
ORD004166,CUST00402,2024-12-08,16.88
ORD006570,CUST00463,2024-12-08,23.15
ORD006421,CUST00579,2024-12-08,118.08
ORD001680,CUST00192,2024-12-08,613.04
ORD000009,CUST00447,2024-12-09,257.7
ORD004407,CUST00864,2024-12-09,652.42
ORD006448,CUST00270,2024-12-09,128.57
ORD006348,CUST00271,2024-12-09,19.68
ORD005115,CUST00769,2024-12-09,117.29
ORD006562,CUST00481,2024-12-09,297.46
ORD006341,CUST00949,2024-12-09,242.67
ORD002053,CUST00500,2024-12-09,587.77
ORD002806,CUST00507,2024-12-09,599.99
ORD006599,CUST00689,2024-12-09,22.08
ORD006330,CUST00984,2024-12-09,37.62
ORD003903,CUST00468,2024-12-09,396.85
ORD006380,CUST00674,2024-12-09,694.28
ORD006593,CUST00534,2024-12-09,59.94
ORD004188,CUST00769,2024-12-09,190.06
ORD006317,CUST00769,2024-12-09,370.56
ORD004822,CUST00186,2024-12-09,23.3
ORD006475,CUST00372,2024-12-09,857.64
ORD001478,CUST00043,2024-12-09,168.19
ORD006585,CUST00807,2024-12-09,47.32
ORD006308,CUST00945,2024-12-09,63.09
ORD004292,CUST00622,2024-12-09,190.06
ORD006409,CUST00024,2024-12-09,23.15
ORD004151,CUST00892,2024-12-09,14.35
ORD006418,CUST00769,2024-12-09,170.74
ORD001005,CUST00322,2024-12-10,255.07
ORD003592,CUST00573,2024-12-10,16.88
ORD001623,CUST00259,2024-12-10,566.82
ORD005193,CUST00807,2024-12-10,47.32
ORD000080,CUST00680,2024-12-10,9.07
ORD006419,CUST00940,2024-12-10,516.22
ORD006397,CUST00739,2024-12-10,146.01
ORD006378,CUST00670,2024-12-10,255.07
ORD006336,CUST00640,2024-12-10,34.97
ORD002770,CUST00697,2024-12-10,62.34
ORD002665,CUST00327,2024-12-10,180.56
ORD001298,CUST00968,2024-12-10,63.82
ORD001217,CUST00650,2024-12-10,7.8
ORD006558,CUST00113,2024-12-10,54.01
ORD002167,CUST00862,2024-12-10,23.15
ORD001168,CUST00244,2024-12-10,119.96
ORD003019,CUST00952,2024-12-10,125.61
ORD004767,CUST00238,2024-12-10,281.8
ORD003148,CUST00957,2024-12-10,54.51
ORD006565,CUST00686,2024-12-10,23.15
ORD002046,CUST00376,2024-12-10,206.79
ORD002332,CUST00690,2024-12-10,92.96
ORD006393,CUST00202,2024-12-11,149.16
ORD005648,CUST00993,2024-12-11,59.03
ORD006440,CUST00618,2024-12-11,241.56
ORD005973,CUST00699,2024-12-11,67.33
ORD005148,CUST00544,2024-12-11,373.76
ORD005130,CUST00395,2024-12-11,296.5
ORD006343,CUST00815,2024-12-11,68.89
ORD006425,CUST00109,2024-12-11,105.21
ORD002436,CUST00170,2024-12-11,63.09
ORD006428,CUST00391,2024-12-11,77.79
ORD006464,CUST00673,2024-12-11,244.6
ORD005677,CUST00242,2024-12-11,105.21
ORD006342,CUST00378,2024-12-11,757.42
ORD004883,CUST00421,2024-12-11,97.24
ORD006541,CUST00884,2024-12-11,517.12
ORD005818,CUST00106,2024-12-11,46.3
ORD003915,CUST00664,2024-12-11,473.47
ORD002677,CUST00925,2024-12-11,87.52
ORD001914,CUST00334,2024-12-12,271.03
ORD005604,CUST00247,2024-12-12,176.57
ORD005630,CUST00753,2024-12-12,54.51
ORD003386,CUST00778,2024-12-12,46.48
ORD000153,CUST00870,2024-12-12,83.6
ORD002178,CUST00583,2024-12-12,88.6
ORD006588,CUST00041,2024-12-12,450.39
ORD005261,CUST00823,2024-12-12,41.83
ORD006505,CUST00531,2024-12-12,37.62
ORD006311,CUST00970,2024-12-12,241.24
ORD006313,CUST00257,2024-12-12,269.24
ORD001770,CUST00948,2024-12-12,166.7
ORD006485,CUST00171,2024-12-12,194.48
ORD005539,CUST00480,2024-12-12,151.75
ORD006524,CUST00579,2024-12-12,99.68
ORD006569,CUST00873,2024-12-12,14.86
ORD002927,CUST00169,2024-12-13,222.85
ORD002560,CUST00054,2024-12-13,63.52
ORD006415,CUST00954,2024-12-13,346.5
ORD000373,CUST00115,2024-12-13,495.16
ORD003359,CUST00542,2024-12-13,289.91
ORD001875,CUST00821,2024-12-13,34.02
ORD006511,CUST00222,2024-12-13,17.48
ORD006598,CUST00173,2024-12-13,34.17
ORD006347,CUST00787,2024-12-13,36.1
ORD001236,CUST00555,2024-12-13,116.24
ORD006388,CUST00601,2024-12-13,463.41
ORD006319,CUST00745,2024-12-13,46.81
ORD006358,CUST00686,2024-12-13,8.21
ORD006521,CUST00726,2024-12-13,212.43
ORD006586,CUST00690,2024-12-13,104.41
ORD006365,CUST00446,2024-12-14,88.64
ORD005897,CUST00025,2024-12-14,575.03
ORD001077,CUST00687,2024-12-14,17.48
ORD006411,CUST00769,2024-12-14,357.44
ORD006548,CUST00745,2024-12-14,226.73
ORD006373,CUST00052,2024-12-14,48.39
ORD006515,CUST00180,2024-12-14,1125.66
ORD006527,CUST00015,2024-12-14,83.66
ORD000757,CUST00043,2024-12-14,645.93
ORD006525,CUST00817,2024-12-14,195.86
ORD000733,CUST00650,2024-12-14,8.02
ORD001523,CUST00719,2024-12-14,281.61
ORD004880,CUST00502,2024-12-14,59.94
ORD006492,CUST00262,2024-12-14,87.01
ORD006449,CUST00232,2024-12-14,84.26
ORD006479,CUST00114,2024-12-14,179.02
ORD005843,CUST00547,2024-12-14,30.31
ORD002801,CUST00878,2024-12-14,383.15
ORD006462,CUST00534,2024-12-14,32.33
ORD004922,CUST00852,2024-12-14,65.79
ORD001905,CUST00483,2024-12-15,913.32
ORD002851,CUST00933,2024-12-15,14.78
ORD001574,CUST00808,2024-12-15,240.9
ORD006401,CUST00008,2024-12-15,256.5
ORD003024,CUST00583,2024-12-15,377.38
ORD006434,CUST00925,2024-12-15,46.33
ORD006573,CUST00084,2024-12-15,408.85
ORD006538,CUST00574,2024-12-15,21.99
ORD000139,CUST00871,2024-12-15,99.68
ORD003306,CUST00057,2024-12-15,404.65
ORD001970,CUST00085,2024-12-15,46.48
ORD006568,CUST00875,2024-12-15,361.61
ORD006535,CUST00344,2024-12-15,110.75
ORD006375,CUST00045,2024-12-15,31.46
ORD006458,CUST00947,2024-12-15,694.68
ORD005098,CUST00518,2024-12-15,406.49
ORD006466,CUST00740,2024-12-15,58.92
ORD006325,CUST00012,2024-12-16,1090.24
ORD006357,CUST00031,2024-12-16,11.34
ORD006364,CUST00866,2024-12-16,226.72
ORD006442,CUST00406,2024-12-16,8.44
ORD001557,CUST00501,2024-12-16,168.19
ORD006312,CUST00595,2024-12-16,93.62
ORD001036,CUST00115,2024-12-16,504.58
ORD004258,CUST00721,2024-12-16,101.1
ORD006544,CUST00031,2024-12-16,652.14
ORD002670,CUST00253,2024-12-16,486.8
ORD006459,CUST00758,2024-12-16,216.62
ORD006377,CUST00687,2024-12-16,15.73
ORD004956,CUST00279,2024-12-16,11.02
ORD003044,CUST00690,2024-12-16,146.14
ORD006539,CUST00121,2024-12-16,378.68
ORD006303,CUST00518,2024-12-16,406.49
ORD004328,CUST00270,2024-12-16,419.74
ORD006517,CUST00275,2024-12-16,148.25
ORD002324,CUST00605,2024-12-16,853.62
ORD004623,CUST00008,2024-12-16,129.94
ORD006502,CUST00284,2024-12-16,175.62
ORD006549,CUST00137,2024-12-16,161.55
ORD003526,CUST00055,2024-12-16,46.81
ORD004833,CUST00345,2024-12-16,110.75
ORD006422,CUST00297,2024-12-17,743.42
ORD003494,CUST00310,2024-12-17,363.64
ORD003523,CUST00134,2024-12-17,151.73
ORD001503,CUST00831,2024-12-17,42.68
ORD006563,CUST00402,2024-12-17,460.95
ORD005884,CUST00447,2024-12-17,678.49
ORD006526,CUST00170,2024-12-17,39.34
ORD006346,CUST00399,2024-12-17,213.8
ORD006383,CUST00930,2024-12-17,126.18
ORD005984,CUST00468,2024-12-17,570.18
ORD003785,CUST00701,2024-12-17,283.41
ORD001526,CUST00870,2024-12-17,23.15
ORD003635,CUST00979,2024-12-17,63.09
ORD006510,CUST00032,2024-12-17,184.76
ORD000261,CUST00380,2024-12-17,46.48
ORD006528,CUST00892,2024-12-17,180.51
ORD000792,CUST00892,2024-12-17,345.02
ORD002128,CUST00639,2024-12-17,10.77
ORD006356,CUST00477,2024-12-17,192.93
ORD004530,CUST00530,2024-12-17,234.58
ORD006461,CUST00482,2024-12-17,24.87
ORD001909,CUST00394,2024-12-17,521.22
ORD006304,CUST00891,2024-12-18,187.08
ORD005035,CUST00868,2024-12-18,400.69
ORD006352,CUST00628,2024-12-18,25.53
ORD006353,CUST00810,2024-12-18,110.57
ORD001372,CUST00222,2024-12-18,505.1
ORD006474,CUST00833,2024-12-18,100.32
ORD006576,CUST00507,2024-12-18,167.53
ORD006416,CUST00092,2024-12-18,930.69
ORD005769,CUST00425,2024-12-18,46.81
ORD006334,CUST00046,2024-12-18,10.77
ORD005145,CUST00081,2024-12-18,126.18
ORD006495,CUST00298,2024-12-18,666.94
ORD005666,CUST00964,2024-12-18,24.53
ORD006455,CUST00745,2024-12-18,112.86
ORD001406,CUST00925,2024-12-18,110.75
ORD006589,CUST00886,2024-12-19,105.56
ORD006583,CUST00117,2024-12-19,25.53
ORD006575,CUST00706,2024-12-19,647.46
ORD006508,CUST00564,2024-12-19,429.87
ORD006500,CUST00232,2024-12-19,151.68
ORD006426,CUST00179,2024-12-19,283.41
ORD006547,CUST00929,2024-12-19,69.45
ORD006501,CUST00645,2024-12-19,82.65
ORD006370,CUST00993,2024-12-19,92.67
ORD006403,CUST00630,2024-12-19,676.43
ORD006566,CUST00402,2024-12-19,49.06
ORD006477,CUST00611,2024-12-19,46.48
ORD003516,CUST00710,2024-12-19,303.22
ORD003521,CUST00980,2024-12-19,110.75
ORD006351,CUST00310,2024-12-19,5.51
ORD006302,CUST00339,2024-12-19,20.85
ORD001758,CUST00581,2024-12-19,23.15
ORD005606,CUST00742,2024-12-19,41.52
ORD001472,CUST00976,2024-12-19,116.56
ORD004185,CUST00098,2024-12-19,341.31
ORD006529,CUST00207,2024-12-20,450.18
ORD002041,CUST00740,2024-12-20,129.15
ORD006322,CUST00177,2024-12-20,326.32
ORD000024,CUST00996,2024-12-20,23.15
ORD006385,CUST00366,2024-12-20,373.76
ORD006468,CUST00049,2024-12-20,502.65
ORD006452,CUST00354,2024-12-20,79.25
ORD006407,CUST00875,2024-12-20,113.77
ORD006329,CUST00375,2024-12-20,899.29
ORD006453,CUST00156,2024-12-20,52.44
ORD006540,CUST00033,2024-12-20,124.71
ORD002231,CUST00129,2024-12-20,37.11
ORD002936,CUST00531,2024-12-20,77.79
ORD006431,CUST00198,2024-12-20,109.02
ORD006438,CUST00446,2024-12-20,337.2
ORD004889,CUST00824,2024-12-20,257.58
ORD005573,CUST00816,2024-12-20,24.53
ORD006349,CUST00844,2024-12-20,312.56
ORD005543,CUST00294,2024-12-20,80.06
ORD002931,CUST00052,2024-12-21,472.34
ORD000542,CUST00892,2024-12-21,189.27
ORD001002,CUST00838,2024-12-21,545.0
ORD006441,CUST00680,2024-12-21,422.68
ORD003345,CUST00814,2024-12-21,381.07
ORD001311,CUST00227,2024-12-21,233.36
ORD004104,CUST00739,2024-12-21,142.19
ORD004372,CUST00554,2024-12-21,186.88
ORD006306,CUST00096,2024-12-21,23.3
ORD006387,CUST00682,2024-12-21,43.71
ORD006394,CUST00736,2024-12-21,292.22
ORD006432,CUST00645,2024-12-21,99.7
ORD006340,CUST00414,2024-12-21,8.44
ORD004243,CUST00156,2024-12-21,23.45
ORD006359,CUST00074,2024-12-21,11.34
ORD006591,CUST00835,2024-12-21,357.75
ORD004287,CUST00648,2024-12-21,473.98
ORD006396,CUST00009,2024-12-21,200.25
ORD004291,CUST00025,2024-12-21,41.8
ORD006382,CUST00833,2024-12-21,766.17
ORD006556,CUST00748,2024-12-21,77.78
ORD001999,CUST00228,2024-12-21,534.41
ORD001724,CUST00094,2024-12-21,46.81
ORD005866,CUST00492,2024-12-21,84.96
ORD006496,CUST00793,2024-12-21,355.07
ORD000370,CUST00584,2024-12-21,278.49
ORD006542,CUST00359,2024-12-21,129.74
ORD002228,CUST00179,2024-12-22,283.41
ORD006355,CUST00628,2024-12-22,253.03
ORD006536,CUST00046,2024-12-22,157.69
ORD006533,CUST00206,2024-12-22,54.52
ORD005103,CUST00812,2024-12-22,19.78
ORD006512,CUST00963,2024-12-22,320.06
ORD006483,CUST00262,2024-12-22,52.05
ORD004865,CUST00096,2024-12-22,20.84
ORD005583,CUST00478,2024-12-22,317.7
ORD003767,CUST00284,2024-12-22,446.24
ORD003954,CUST00348,2024-12-22,7.17
ORD006427,CUST00535,2024-12-22,262.55
ORD003778,CUST00113,2024-12-22,54.87
ORD006345,CUST00034,2024-12-22,88.6
ORD006402,CUST00923,2024-12-22,43.71
ORD006574,CUST00136,2024-12-22,284.2
ORD006410,CUST00577,2024-12-22,69.45
ORD002598,CUST00581,2024-12-22,63.82
ORD005201,CUST00696,2024-12-22,10.77
ORD002875,CUST00863,2024-12-22,117.29
ORD006412,CUST00791,2024-12-22,34.02
ORD006363,CUST00310,2024-12-22,765.21
ORD006354,CUST00663,2024-12-22,203.71
ORD006328,CUST00141,2024-12-22,25.32
ORD006424,CUST00717,2024-12-22,1238.4
ORD006368,CUST00892,2024-12-22,7.8
ORD003190,CUST00638,2024-12-23,23.15
ORD006476,CUST00579,2024-12-23,200.69
ORD004237,CUST00890,2024-12-23,541.93
ORD006513,CUST00298,2024-12-23,673.82
ORD002674,CUST00202,2024-12-23,470.29
ORD006315,CUST00025,2024-12-23,187.1
ORD003258,CUST00401,2024-12-23,95.0
ORD006344,CUST00160,2024-12-23,54.51
ORD002496,CUST00939,2024-12-23,10.21
ORD001211,CUST00293,2024-12-23,431.05
ORD001562,CUST00639,2024-12-23,24.53
ORD001790,CUST00599,2024-12-23,190.06
ORD001903,CUST00131,2024-12-23,222.36
ORD002246,CUST00847,2024-12-23,31.91
ORD006491,CUST00420,2024-12-23,261.81
ORD001877,CUST00193,2024-12-23,70.22
ORD006350,CUST00246,2024-12-23,105.21
ORD001319,CUST00941,2024-12-23,82.65
ORD006398,CUST00871,2024-12-23,404.92
ORD003857,CUST00863,2024-12-23,8.21
ORD002432,CUST00391,2024-12-23,174.39
ORD004383,CUST00194,2024-12-23,1191.29
ORD006445,CUST00972,2024-12-23,336.91
ORD003947,CUST00510,2024-12-23,221.5
ORD006577,CUST00673,2024-12-23,56.12
ORD004442,CUST00847,2024-12-23,175.14
ORD006482,CUST00235,2024-12-24,24.63
ORD001813,CUST00562,2024-12-24,15.73
ORD006504,CUST00933,2024-12-24,14.78
ORD001809,CUST00037,2024-12-24,54.51
ORD003189,CUST00981,2024-12-24,92.38
ORD003535,CUST00138,2024-12-24,175.21
ORD006381,CUST00618,2024-12-24,163.21
ORD005207,CUST00246,2024-12-24,313.74
ORD006555,CUST00127,2024-12-24,98.63
ORD001575,CUST00634,2024-12-24,405.77
ORD006564,CUST00957,2024-12-24,209.9
ORD006450,CUST00735,2024-12-24,179.49
ORD004703,CUST00603,2024-12-24,21.55
ORD006309,CUST00638,2024-12-24,200.04
ORD003073,CUST00993,2024-12-24,81.31
ORD006456,CUST00128,2024-12-24,91.08
ORD006314,CUST00405,2024-12-24,177.96
ORD005662,CUST00678,2024-12-24,163.53
ORD006581,CUST00579,2024-12-24,25.32
ORD006518,CUST00749,2024-12-24,11.6
ORD004803,CUST00890,2024-12-24,69.91
ORD000667,CUST00903,2024-12-24,85.16
ORD006326,CUST00480,2024-12-24,64.33
ORD006519,CUST00171,2024-12-24,973.62
ORD000427,CUST00668,2024-12-25,190.06
ORD006534,CUST00531,2024-12-25,77.79
ORD006557,CUST00995,2024-12-25,33.1
ORD004296,CUST00650,2024-12-25,97.24
ORD006550,CUST00840,2024-12-25,268.08
ORD006580,CUST00891,2024-12-25,359.7
ORD006600,CUST00336,2024-12-25,552.25
ORD006321,CUST00609,2024-12-25,16.42
ORD001686,CUST00299,2024-12-25,63.82
ORD006324,CUST00557,2024-12-25,23.17
ORD005039,CUST00317,2024-12-25,195.41
ORD006332,CUST00892,2024-12-25,24.53
ORD005127,CUST00992,2024-12-25,255.07
ORD006376,CUST00008,2024-12-25,8.21
ORD006310,CUST00041,2024-12-25,357.92
ORD006374,CUST00263,2024-12-25,86.5
ORD005024,CUST00297,2024-12-25,49.88
ORD006439,CUST00384,2024-12-25,75.59
ORD006430,CUST00032,2024-12-25,38.9
ORD006484,CUST00327,2024-12-25,92.77
ORD003187,CUST00038,2024-12-25,207.73
ORD006339,CUST00933,2024-12-25,9.64
ORD003424,CUST00406,2024-12-25,48.5
ORD006486,CUST00852,2024-12-25,139.44
ORD006433,CUST00946,2024-12-25,125.38
ORD006399,CUST00181,2024-12-26,514.59
ORD006307,CUST00045,2024-12-26,269.24
ORD001442,CUST00748,2024-12-26,199.35
ORD000619,CUST00046,2024-12-26,130.43
ORD006408,CUST00149,2024-12-26,246.99
ORD006553,CUST00420,2024-12-26,138.76
ORD006414,CUST00280,2024-12-26,197.66
ORD002359,CUST00940,2024-12-26,166.06
ORD006560,CUST00353,2024-12-26,128.56
ORD002114,CUST00933,2024-12-26,191.88
ORD006316,CUST00977,2024-12-26,169.62
ORD004578,CUST00930,2024-12-26,54.51
ORD006471,CUST00572,2024-12-26,94.03
ORD006582,CUST00749,2024-12-26,336.91
ORD006487,CUST00595,2024-12-26,5.8
ORD004367,CUST00642,2024-12-26,49.06
ORD006369,CUST00943,2024-12-26,791.11
ORD006514,CUST00605,2024-12-26,95.0
ORD003670,CUST00817,2024-12-26,366.62
ORD006509,CUST00274,2024-12-26,184.48
ORD006333,CUST00623,2024-12-26,8.44
ORD006594,CUST00027,2024-12-26,83.6
ORD006551,CUST00530,2024-12-27,303.22
ORD006552,CUST00450,2024-12-27,98.79
ORD006596,CUST00534,2024-12-27,46.81
ORD006335,CUST00673,2024-12-27,86.06
ORD006390,CUST00852,2024-12-27,380.12
ORD000592,CUST00103,2024-12-27,23.15
ORD006379,CUST00596,2024-12-27,73.59
ORD006323,CUST00016,2024-12-27,334.2
ORD006301,CUST00585,2024-12-27,190.06
ORD006423,CUST00041,2024-12-27,8.02
ORD002596,CUST00665,2024-12-27,113.66
ORD001879,CUST00025,2024-12-27,27.26
ORD001858,CUST00495,2024-12-27,5.8
ORD000952,CUST00397,2024-12-27,1617.58
ORD002029,CUST00534,2024-12-27,822.6
ORD004739,CUST00964,2024-12-27,46.33
ORD006454,CUST00737,2024-12-27,189.27
ORD006494,CUST00244,2024-12-27,119.96
ORD006530,CUST00275,2024-12-27,27.26
ORD000191,CUST00732,2024-12-27,606.48
ORD000432,CUST00569,2024-12-27,602.16
ORD006446,CUST00038,2024-12-27,88.94
ORD001264,CUST00940,2024-12-27,54.52
ORD001967,CUST00054,2024-12-27,81.28
ORD006499,CUST00430,2024-12-27,303.22
ORD006436,CUST00700,2024-12-27,618.86
ORD006503,CUST00339,2024-12-27,125.0
ORD003093,CUST00183,2024-12-27,923.12
ORD006522,CUST00689,2024-12-27,260.57
ORD005141,CUST00305,2024-12-27,117.29
ORD006481,CUST00491,2024-12-27,147.13
ORD004813,CUST00614,2024-12-28,285.38
ORD004072,CUST00952,2024-12-28,303.77
ORD003675,CUST00965,2024-12-28,1062.12
ORD000818,CUST00289,2024-12-28,107.68
ORD001430,CUST00994,2024-12-28,534.31
ORD005223,CUST00955,2024-12-28,561.82
ORD005810,CUST00401,2024-12-28,381.56
ORD005515,CUST00406,2024-12-28,8.44
ORD004737,CUST00974,2024-12-28,101.53
ORD000326,CUST00892,2024-12-28,513.49
ORD005788,CUST00861,2024-12-28,72.43
ORD003323,CUST00499,2024-12-28,161.59
ORD001749,CUST00687,2024-12-29,363.26
ORD005995,CUST00887,2024-12-29,134.77
ORD002778,CUST00351,2024-12-29,7.39
ORD001657,CUST00663,2024-12-29,23.3
ORD005197,CUST00568,2024-12-29,629.91
ORD002171,CUST00893,2024-12-29,161.55
ORD001302,CUST00595,2024-12-29,246.7
ORD003254,CUST00844,2024-12-29,61.28
ORD002420,CUST00884,2024-12-29,71.11
ORD004584,CUST00034,2024-12-29,65.85
ORD000190,CUST00742,2024-12-29,46.48
ORD003002,CUST00722,2024-12-29,269.24
ORD005482,CUST00618,2024-12-30,163.21
ORD001271,CUST00107,2024-12-30,449.65
ORD001399,CUST00956,2024-12-30,392.28
ORD001513,CUST00144,2024-12-30,186.88
ORD000066,CUST00369,2024-12-30,74.67
ORD001350,CUST00032,2024-12-30,144.42
ORD000786,CUST00648,2024-12-30,54.51
ORD001417,CUST00063,2024-12-30,125.4
ORD001083,CUST00275,2024-12-30,74.42
